uncorrected score in training period:  16.771062382110962
uncorrected score in evaluation period:  11.899786904482491
0.0 26.35 23.15 -9.0 78.0 3.8 3.57  zzz  0.0 3.57 False
1.0 26.35 22.65 -8.5 75.0 3.9 3.02  zzz  0.0 3.02 False
2.0 24.95 22.45 -7.6 85.0 7.8 8.84  zzz  0.0 8.84 False
3.0 24.65 22.05 -7.9 83.0 8.1 6.32  zzz  0.0 6.32 False
4.0 24.05 21.85 -7.6 86.0 13.7 5.16  zzz  0.0 5.16 False
5.0 26.85 22.95 -8.7 81.0 21.9 6.85  zzz  0.0 6.85 False
6.0 26.65 23.15 -8.9 78.0 7.9 9.98  zzz  0.0 9.98 False
7.0 26.85 23.25 -8.1 68.0 2.3 11.29  zzz  0.0 11.29 False
8.0 26.85 23.55 -9.4 79.0 5.6 6.29  zzz  0.0 6.29 False
9.0 27.45 23.55 -9.6 76.0 3.6 5.23  zzz  0.0 5.23 False
10.0 28.05 23.85 -9.7 73.0 2.6 8.61  zzz  0.0 8.61 False
11.0 28.55 23.85 -10.0 70.0 2.6 2.99  zzz  0.0 2.99 False
12.0 28.05 22.85 -9.2 70.0 1.7 6.38  zzz  0.0 6.38 False
13.0 27.55 23.25 -8.0 68.0 5.6 4.22  zzz  0.0 4.22 False
14.0 27.75 22.85 -8.7 75.0 2.6 4.97  zzz  0.0 4.97 False
15.0 28.35 23.25 -9.4 74.0 1.7 5.57  zzz  0.0 5.57 False
16.0 28.55 23.25 -10.1 71.0 1.9 1.88  zzz  0.0 1.88 False
17.0 28.85 23.85 -9.6 74.0 2.5 6.07  zzz  0.0 6.07 False
18.0 28.95 23.05 -9.7 72.0 1.5 9.51  zzz  0.0 9.51 False
19.0 28.55 23.05 -9.7 70.0 1.4 6.33  zzz  0.0 6.33 False
20.0 28.45 22.25 -10.0 66.0 2.3 3.45  zzz  0.0 3.45 False
21.0 29.05 21.85 -10.9 66.0 2.9 1.83  zzz  0.0 1.83 False
22.0 28.25 22.35 -10.4 73.0 5.5 3.25  zzz  0.0 3.25 False
23.0 28.35 22.75 -10.7 76.0 6.9 -2.76  zzz  0.0 -2.76 False
24.0 28.35 23.25 -10.1 78.0 6.4 -0.54  zzz  0.0 -0.54 False
25.0 28.15 22.85 -9.4 72.0 3.3 0.93  zzz  0.0 0.93 False
26.0 28.75 23.35 -9.4 72.0 1.6 0.97  zzz  0.0 0.97 False
27.0 28.45 23.35 -9.3 76.0 5.4 9.01  zzz  0.0 9.01 False
28.0 28.65 22.95 -9.3 70.0 5.1 10.87  zzz  0.0 10.87 False
29.0 28.35 23.35 -9.6 71.0 7.4 6.13  zzz  0.0 6.13 False
30.0 26.05 22.65 -8.2 79.0 8.7 2.16  zzz  0.0 2.16 False
31.0 26.85 23.35 -8.0 73.0 10.0 9.07  zzz  0.0 9.07 False
32.0 27.25 22.75 -9.8 77.0 9.1 5.58  zzz  0.0 5.58 False
33.0 27.75 22.85 -10.3 75.0 8.8 1.08  zzz  0.0 1.08 False
34.0 28.15 23.75 -10.0 78.0 11.4 3.15  zzz  0.0 3.15 False
35.0 28.25 23.15 -10.7 75.0 7.6 1.58  zzz  0.0 1.58 False
36.0 28.25 23.45 -10.7 76.0 8.3 2.69  zzz  0.0 2.69 False
37.0 28.15 22.75 -10.7 73.0 5.6 1.48  zzz  0.0 1.48 False
38.0 28.35 22.75 -11.2 72.0 6.4 7.24  zzz  0.0 7.24 False
39.0 27.75 22.05 -9.7 73.0 2.2 3.86  zzz  0.0 3.86 False
40.0 28.05 21.95 -9.8 75.0 2.7 2.49  zzz  0.0 2.49 False
41.0 27.95 22.75 -9.7 73.0 6.3 4.62  zzz  0.0 4.62 False
42.0 28.15 22.95 -9.9 72.0 4.1 2.04  zzz  0.0 2.04 False
43.0 27.55 22.65 -9.9 73.0 6.4 0.33  zzz  0.0 0.33 False
44.0 27.75 22.35 -10.5 76.0 7.0 -2.25  zzz  0.0 -2.25 False
45.0 28.15 23.25 -10.2 76.0 10.2 3.15  zzz  0.0 3.15 False
46.0 26.45 22.15 -8.6 78.0 12.9 -5.22  zzz  0.0 -5.22 False
47.0 27.95 22.55 -9.7 73.0 7.1 -4.27  zzz  0.0 -4.27 False
48.0 28.25 23.75 -9.2 70.0 5.3 -3.42  zzz  0.0 -3.42 False
49.0 28.45 24.05 -9.2 76.0 3.7 1.23  zzz  0.0 1.23 False
50.0 28.05 24.25 -8.8 70.0 4.2 1.38  zzz  0.0 1.38 False
51.0 28.25 24.25 -7.9 69.0 3.3 1.03  zzz  0.0 1.03 False
52.0 28.15 22.95 -8.0 65.0 5.0 0.93  zzz  0.0 0.93 False
53.0 28.35 24.05 -8.4 75.0 8.4 5.02  zzz  0.0 5.02 False
54.0 28.45 24.05 -6.6 67.0 9.3 6.78  zzz  0.0 6.78 False
55.0 28.75 23.45 -9.8 71.0 6.1 4.31  zzz  0.0 4.31 False
56.0 28.45 23.15 -8.7 67.0 4.2 4.01  zzz  0.0 4.01 False
57.0 28.65 23.05 -9.5 68.0 1.6 8.65  zzz  0.0 8.65 False
58.0 29.55 23.55 -10.8 72.0 4.6 11.77  zzz  0.0 11.77 False
59.0 29.65 23.65 -10.9 73.0 5.0 8.54  zzz  0.0 8.54 False
60.0 29.45 23.45 -10.9 75.0 5.1 6.12  zzz  0.0 6.12 False
61.0 28.85 23.35 -9.8 71.0 2.3 8.29  zzz  0.0 8.29 False
62.0 29.05 23.35 -9.8 69.0 2.1 5.72  zzz  0.0 5.72 False
63.0 29.25 23.35 -9.6 72.0 3.3 7.03  zzz  0.0 7.03 False
64.0 28.95 23.75 -8.3 73.0 5.0 5.06  zzz  0.0 5.06 False
65.0 29.35 24.25 -9.2 74.0 5.9 8.24  zzz  0.0 8.24 False
66.0 29.75 23.75 -10.9 73.0 3.7 8.08  zzz  0.0 8.08 False
67.0 29.35 23.55 -10.6 74.0 3.2 6.02  zzz  0.0 6.02 False
68.0 29.55 23.55 -11.5 74.0 8.2 1.77  zzz  0.0 1.77 False
69.0 29.15 23.55 -10.9 74.0 7.4 5.26  zzz  0.0 5.26 False
70.0 30.15 24.55 -11.6 77.0 7.3 3.48  zzz  0.0 3.48 False
71.0 29.45 23.85 -10.2 68.0 5.5 6.12  zzz  0.0 6.12 False
72.0 29.85 23.45 -11.1 65.0 6.5 5.41  zzz  0.0 5.41 False
73.0 29.25 23.25 -10.0 72.0 2.7 7.58  zzz  0.0 7.58 False
74.0 28.95 23.05 -10.0 72.0 2.7 10.06  zzz  0.0 10.06 False
75.0 28.25 22.25 -9.3 70.0 5.0 7.14  zzz  0.0 7.14 False
76.0 29.45 23.45 -10.8 70.0 5.4 6.67  zzz  0.0 6.67 False
77.0 29.45 24.25 -10.4 75.0 6.1 4.45  zzz  0.0 4.45 False
78.0 28.95 23.85 -10.1 78.0 4.8 3.95  zzz  0.0 3.95 False
79.0 29.15 23.45 -10.8 76.0 5.9 4.15  zzz  0.0 4.15 False
80.0 28.85 22.95 -10.8 75.0 6.3 1.63  zzz  0.0 1.63 False
81.0 29.05 24.45 -10.2 78.0 9.4 0.72  zzz  0.0 0.72 False
82.0 29.15 24.55 -10.4 77.0 8.5 0.82  zzz  0.0 0.82 False
83.0 28.65 23.35 -10.6 74.0 4.8 1.98  zzz  0.0 1.98 False
84.0 27.65 23.15 -9.5 77.0 3.8 3.21  zzz  0.0 3.21 False
85.0 27.75 22.95 -9.5 73.0 5.6 2.75  zzz  0.0 2.75 False
86.0 28.15 23.15 -11.1 77.0 6.1 -1.29  zzz  0.0 -1.29 False
87.0 27.75 22.05 -11.2 75.0 4.5 -1.69  zzz  0.0 -1.69 False
88.0 28.55 20.95 -12.0 68.0 4.2 2.44  zzz  0.0 2.44 False
89.0 28.75 21.85 -11.2 69.0 3.4 1.53  zzz  0.0 1.53 False
90.0 28.75 22.05 -10.8 70.0 1.8 0.97  zzz  0.0 0.97 False
91.0 28.45 21.55 -9.7 67.0 2.5 -0.99  zzz  0.0 -0.99 False
92.0 28.75 22.85 -9.6 73.0 2.4 4.31  zzz  0.0 4.31 False
93.0 29.05 22.95 -10.0 72.0 3.8 3.49  zzz  0.0 3.49 False
94.0 29.15 22.75 -10.1 69.0 1.6 8.59  zzz  0.0 8.59 False
95.0 29.55 23.45 -10.6 74.0 5.0 6.77  zzz  0.0 6.77 False
96.0 29.25 24.15 -10.8 75.0 5.4 3.14  zzz  0.0 3.14 False
97.0 29.25 23.35 -10.9 71.0 4.5 9.81  zzz  0.0 9.81 False
98.0 29.05 21.85 -11.8 68.0 5.9 7.38  zzz  0.0 7.38 False
99.0 28.75 21.65 -11.7 69.0 5.7 4.86  zzz  0.0 4.86 False
100.0 28.55 22.95 -11.3 75.0 7.9 9.66  zzz  0.0 9.66 False
101.0 28.75 22.65 -11.0 75.0 11.2 5.97  zzz  0.0 5.97 False
102.0 28.25 22.95 -10.6 77.0 7.6 -3.42  zzz  0.0 -3.42 False
103.0 28.25 21.65 -10.0 68.0 1.7 7.14  zzz  0.0 7.14 False
104.0 28.35 21.85 -10.0 66.0 1.3 10.57  zzz  0.0 10.57 False
105.0 28.75 22.35 -10.4 68.0 3.4 16.53  zzz  0.0 16.53 False
106.0 29.45 24.15 -11.1 75.0 7.8 11.12  zzz  0.0 11.12 False
107.0 29.25 23.55 -10.9 73.0 7.4 14.81  zzz  0.0 14.81 False
108.0 28.75 23.15 -10.8 74.0 8.9 14.86  zzz  0.0 14.86 False
109.0 27.55 22.25 -10.0 76.0 5.5 11.99  zzz  0.0 11.99 False
110.0 27.35 22.55 -9.9 78.0 6.8 6.79  zzz  0.0 6.79 False
111.0 27.85 21.25 -11.5 74.0 7.0 3.96  zzz  0.0 3.96 False
112.0 27.45 21.45 -10.2 69.0 2.1 5.78  zzz  0.0 5.78 False
113.0 28.35 21.85 -10.2 70.0 4.2 11.13  zzz  0.0 11.13 False
114.0 28.35 23.75 -9.9 74.0 9.8 16.68  zzz  0.0 16.68 False
115.0 28.05 23.85 -9.0 75.0 8.6 14.72  zzz  0.0 14.72 False
116.0 28.15 24.75 -8.9 78.0 9.7 12.04  zzz  0.0 12.04 False
117.0 27.25 22.35 -8.3 68.0 7.9 9.47  zzz  0.0 9.47 False
118.0 26.95 21.35 -11.0 80.0 8.3 6.95  zzz  0.0 6.95 False
119.0 26.45 21.55 -10.1 77.0 10.0 6.45  zzz  0.0 6.45 False
120.0 27.15 20.65 -11.3 70.0 5.4 6.04  zzz  0.0 6.04 False
121.0 27.55 20.15 -11.6 69.0 5.4 11.99  zzz  0.0 11.99 False
122.0 27.85 21.65 -11.3 73.0 8.2 8.41  zzz  0.0 8.41 False
123.0 27.95 22.45 -10.6 78.0 10.7 8.51  zzz  0.0 8.51 False
124.0 27.95 22.15 -10.7 75.0 5.0 7.95  zzz  0.0 7.95 False
125.0 27.45 21.25 -10.7 70.0 4.5 3.56  zzz  0.0 3.56 False
126.0 27.65 21.35 -11.0 74.0 5.8 3.21  zzz  0.0 3.21 False
127.0 27.25 21.95 -9.9 73.0 2.4 6.14  zzz  0.0 6.14 False
128.0 27.15 23.65 -9.0 85.0 8.5 10.48  zzz  0.0 10.48 False
129.0 26.45 22.05 -9.4 81.0 6.7 12.56  zzz  0.0 12.56 False
130.0 26.15 20.75 -9.2 74.0 5.9 10.59  zzz  0.0 10.59 False
131.0 26.35 18.35 -11.1 61.0 6.4 9.68  zzz  0.0 9.68 False
132.0 26.15 18.65 -11.0 63.0 3.8 10.59  zzz  0.0 10.59 False
133.0 26.15 18.35 -11.2 65.0 3.7 8.93  zzz  0.0 8.93 False
134.0 26.15 16.95 -12.5 60.0 5.5 5.04  zzz  0.0 5.04 False
135.0 26.25 18.85 -12.0 71.0 4.9 10.14  zzz  0.0 10.14 False
136.0 25.45 19.55 -10.2 69.0 3.0 11.01  zzz  0.0 11.01 False
137.0 26.15 19.95 -10.4 73.0 2.0 8.93  zzz  0.0 8.93 False
138.0 26.45 20.65 -10.3 74.0 2.1 13.67  zzz  0.0 13.67 False
139.0 27.05 21.35 -10.1 72.0 2.5 16.49  zzz  0.0 16.49 False
140.0 26.85 22.55 -9.3 78.0 2.7 12.41  zzz  0.0 12.41 False
141.0 26.45 21.55 -8.4 71.0 1.9 19.23  zzz  0.0 19.23 False
142.0 26.65 22.75 -8.2 71.0 1.9 13.87  zzz  0.0 13.87 False
143.0 26.75 21.95 -9.1 74.0 5.9 17.31  zzz  0.0 17.31 False
144.0 24.05 14.85 -7.6 49.0 8.6 16.27  zzz  0.0 16.27 False
145.0 23.05 14.75 -8.4 50.0 9.8 16.94  zzz  0.0 16.94 False
146.0 23.45 13.35 -9.2 46.0 9.7 17.34  zzz  0.0 17.34 False
147.0 23.05 13.75 -8.8 50.0 4.7 16.94  zzz  0.0 16.94 False
148.0 23.45 13.05 -8.7 46.0 5.5 17.89  zzz  0.0 17.89 False
149.0 24.85 15.45 -10.8 51.0 7.4 16.52  zzz  0.0 16.52 False
150.0 25.25 19.05 -11.9 72.0 10.3 18.58  zzz  0.0 18.58 False
151.0 25.45 19.95 -11.5 77.0 10.7 17.67  zzz  0.0 17.67 False
152.0 25.65 20.25 -10.8 69.0 7.5 11.76  zzz  0.0 11.76 False
153.0 25.75 22.55 -8.9 73.0 6.3 10.75  zzz  0.0 10.75 False
154.0 23.15 18.85 -5.5 53.0 7.7 13.71  zzz  0.0 13.71 False
155.0 22.05 12.95 -12.5 63.0 13.5 15.94  zzz  0.0 15.94 False
156.0 23.25 17.05 -10.8 77.0 16.5 19.92  zzz  0.0 19.92 False
157.0 24.75 20.35 -8.9 85.0 15.6 17.53  zzz  0.0 17.53 False
158.0 25.65 20.15 -11.4 77.0 6.6 13.43  zzz  0.0 13.43 False
159.0 24.45 19.15 -9.2 70.0 9.0 10.56  zzz  0.0 10.56 False
160.0 22.65 18.55 -7.5 90.0 14.4 15.98  zzz  0.0 15.98 False
161.0 24.65 20.85 -8.8 87.0 11.2 20.21  zzz  0.0 20.21 False
162.0 24.65 18.55 -9.5 70.0 9.3 11.87  zzz  0.0 11.87 False
163.0 24.25 18.75 -10.0 70.0 5.5 17.58  zzz  0.0 17.58 False
164.0 23.45 18.75 -9.1 77.0 5.5 23.45  zzz  0.0 23.45 False
165.0 17.45 12.15 -6.1 74.0 17.9 17.45  zzz  0.0 17.45 False
166.0 21.35 15.15 -9.2 71.0 13.0 18.57  zzz  0.0 18.57 False
167.0 23.45 18.55 -10.0 80.0 11.9 14.01  zzz  0.0 14.01 False
168.0 23.25 20.25 -7.5 75.0 11.5 13.81  zzz  0.0 13.81 False
169.0 24.75 21.45 -8.6 74.0 3.8 12.53  zzz  0.0 12.53 False
170.0 24.25 20.55 -8.2 79.0 2.9 9.81  zzz  0.0 9.81 False
171.0 23.55 19.55 -8.7 86.0 8.9 21.88  zzz  0.0 21.88 False
172.0 24.55 20.65 -9.2 81.0 6.4 23.44  zzz  0.0 23.44 False
173.0 24.65 20.95 -9.8 85.0 8.0 20.76  zzz  0.0 20.76 False
174.0 24.15 19.75 -9.0 78.0 10.5 18.04  zzz  0.0 18.04 False
175.0 23.45 18.55 -9.4 70.0 5.3 21.78  zzz  0.0 21.78 False
176.0 19.25 15.15 -5.5 90.0 16.3 25.36  zzz  0.0 25.36 False
177.0 22.25 17.65 -7.6 84.0 13.8 28.36  zzz  0.0 28.36 False
178.0 24.45 21.95 -8.4 78.0 14.6 25.56  zzz  0.0 25.56 False
179.0 15.55 10.75 -3.4 67.0 11.3 14.44  zzz  0.0 14.44 False
180.0 17.45 11.85 -6.4 68.0 9.8 22.45  zzz  0.0 22.45 False
181.0 19.35 14.85 -9.6 84.0 13.5 22.13  zzz  0.0 22.13 False
182.0 20.95 16.15 -10.5 77.0 10.9 23.17  zzz  0.0 23.17 False
183.0 20.85 16.45 -9.1 72.0 5.9 18.63  zzz  0.0 18.63 False
184.0 19.55 14.45 -8.9 74.0 2.9 17.33  zzz  0.0 17.33 False
185.0 21.35 18.35 -9.4 86.0 6.4 20.24  zzz  0.0 20.24 False
186.0 22.85 19.95 -8.7 77.0 4.9 20.07  zzz  0.0 20.07 False
187.0 23.35 19.45 -9.7 76.0 8.1 13.91  zzz  0.0 13.91 False
188.0 23.65 20.35 -9.1 74.0 7.1 21.98  zzz  0.0 21.98 False
189.0 23.55 18.45 -10.5 71.0 6.9 27.44  zzz  0.0 27.44 False
190.0 23.45 19.25 -9.8 71.0 7.8 29.56  zzz  0.0 29.56 False
191.0 23.55 19.45 -9.9 70.0 7.7 26.88  zzz  0.0 26.88 False
192.0 22.95 19.75 -8.4 71.0 2.5 27.39  zzz  0.0 27.39 False
193.0 23.55 19.05 -9.7 75.0 4.6 29.11  zzz  0.0 29.11 False
194.0 19.35 9.25 -5.4 46.0 12.0 28.24  zzz  0.0 28.24 False
195.0 21.65 17.05 -9.8 83.0 10.8 30.54  zzz  0.0 30.54 False
196.0 23.55 21.15 -8.3 81.0 10.7 27.99  zzz  0.0 27.99 False
197.0 20.25 15.85 -5.8 86.0 5.4 26.92  zzz  0.0 26.92 False
198.0 16.85 7.55 -3.3 39.0 6.7 24.63  zzz  0.0 24.63 False
199.0 18.55 10.05 -5.0 39.0 3.9 27.99  zzz  0.0 27.99 False
200.0 18.25 8.65 -5.8 32.0 8.7 22.69  zzz  0.0 22.69 False
201.0 21.05 14.75 -8.7 56.0 9.1 25.49  zzz  0.0 25.49 False
202.0 23.15 19.15 -9.7 79.0 9.8 21.48  zzz  0.0 21.48 False
203.0 23.55 20.05 -7.1 71.0 13.7 22.99  zzz  0.0 22.99 False
204.0 23.55 20.35 -8.7 76.0 9.0 23.55  zzz  0.0 23.55 False
205.0 23.15 20.65 -8.5 76.0 3.6 20.93  zzz  0.0 20.93 False
206.0 17.55 4.45 -2.4 31.0 11.5 19.22  zzz  0.0 19.22 False
207.0 21.35 16.25 -9.7 85.0 8.4 31.35  zzz  0.0 31.35 False
208.0 21.65 15.55 -8.5 72.0 7.4 26.09  zzz  0.0 26.09 False
209.0 21.95 18.65 -8.6 85.0 9.8 25.28  zzz  0.0 25.28 False
210.0 23.45 19.75 -9.2 84.0 13.1 21.23  zzz  0.0 21.23 False
211.0 20.95 18.45 -4.7 84.0 5.9 15.39  zzz  0.0 15.39 False
212.0 20.25 14.35 -5.2 59.0 3.4 22.47  zzz  0.0 22.47 False
213.0 19.25 12.45 -5.5 59.0 10.0 25.92  zzz  0.0 25.92 False
214.0 22.35 19.75 -8.7 87.0 7.3 30.13  zzz  0.0 30.13 False
215.0 22.25 19.65 -8.4 84.0 14.2 32.81  zzz  0.0 32.81 False
216.0 11.95 6.25 2.3 49.0 12.7 23.06  zzz  0.0 23.06 False
217.0 19.85 17.15 -7.5 76.0 4.8 32.07  zzz  0.0 32.07 False
218.0 21.85 18.75 -8.5 74.0 7.7 22.96  zzz  0.0 22.96 False
219.0 12.45 4.65 1.0 47.0 16.2 14.12  zzz  0.0 14.12 False
220.0 9.65 -1.25 1.8 37.0 8.3 29.09  zzz  0.0 29.09 False
221.0 17.55 14.35 -5.5 91.0 11.3 36.99  zzz  0.0 36.99 False
222.0 21.05 19.45 -7.3 84.0 8.0 31.05  zzz  0.0 31.05 False
223.0 22.15 19.45 -7.3 75.0 8.8 29.37  zzz  0.0 29.37 False
224.0 21.85 19.55 -8.5 78.0 12.4 19.63  zzz  0.0 19.63 False
225.0 18.85 9.65 -4.5 35.0 4.6 17.18  zzz  0.0 17.18 False
226.0 21.95 19.45 -8.2 85.0 8.2 21.39  zzz  0.0 21.39 False
227.0 18.25 15.05 -3.3 62.0 5.2 12.69  zzz  0.0 12.69 False
228.0 17.15 9.75 -11.2 69.0 7.7 16.04  zzz  0.0 16.04 False
229.0 11.75 2.75 -5.4 47.0 7.4 15.64  zzz  0.0 15.64 False
230.0 14.45 4.55 -8.0 47.0 4.8 17.23  zzz  0.0 17.23 False
231.0 11.95 1.95 -3.9 38.0 5.6 15.28  zzz  0.0 15.28 False
232.0 17.05 11.95 -10.4 78.0 8.8 24.27  zzz  0.0 24.27 False
233.0 17.55 13.05 -6.1 58.0 6.6 20.88  zzz  0.0 20.88 False
234.0 18.45 15.15 -9.4 85.0 15.4 27.89  zzz  0.0 27.89 False
235.0 11.45 2.75 -1.1 41.0 5.8 25.89  zzz  0.0 25.89 False
236.0 14.55 2.05 -5.1 33.0 4.4 26.77  zzz  0.0 26.77 False
237.0 12.85 3.05 -4.7 46.0 4.5 25.63  zzz  0.0 25.63 False
238.0 16.25 12.05 -5.9 62.0 6.7 26.81  zzz  0.0 26.81 False
239.0 18.95 14.95 -8.3 78.0 7.0 30.06  zzz  0.0 30.06 False
240.0 19.15 16.85 -7.0 79.0 6.2 26.37  zzz  0.0 26.37 False
241.0 19.75 17.05 -6.6 73.0 5.9 35.31  zzz  0.0 35.31 False
242.0 11.85 9.65 1.8 95.0 6.6 27.96  zzz  0.0 27.96 False
243.0 14.35 13.15 -0.5 91.0 4.0 24.35  zzz  0.0 24.35 False
244.0 19.45 17.95 -6.5 89.0 4.2 24.45  zzz  0.0 24.45 False
245.0 20.85 18.25 -7.9 66.0 6.3 21.96  zzz  0.0 21.96 False
246.0 20.95 17.45 -8.6 65.0 6.4 20.39  zzz  0.0 20.39 False
247.0 21.55 18.45 -8.2 69.0 2.0 27.11  zzz  0.0 27.11 False
248.0 22.65 18.85 -8.4 69.0 10.3 29.87  zzz  0.0 29.87 False
249.0 21.75 19.75 -7.1 81.0 4.8 27.31  zzz  0.0 27.31 False
250.0 19.95 16.85 -5.4 91.0 4.0 28.28  zzz  0.0 28.28 False
251.0 19.15 16.35 -4.1 83.0 2.0 28.59  zzz  0.0 28.59 False
252.0 16.95 14.75 -2.5 87.0 3.7 29.17  zzz  0.0 29.17 False
253.0 18.95 11.75 -7.5 57.0 4.7 27.84  zzz  0.0 27.84 False
254.0 19.25 14.55 -6.6 55.0 1.0 27.03  zzz  0.0 27.03 False
255.0 19.95 15.45 -5.9 46.0 1.1 27.73  zzz  0.0 27.73 False
256.0 22.05 17.75 -9.7 69.0 14.7 34.27  zzz  0.0 34.27 False
257.0 14.25 9.25 -4.7 61.0 11.0 21.47  zzz  0.0 21.47 False
258.0 15.65 9.05 -4.5 50.0 5.5 21.21  zzz  0.0 21.21 False
259.0 14.85 6.65 -4.1 27.0 7.5 19.29  zzz  0.0 19.29 False
260.0 17.35 6.85 -4.8 26.0 3.0 24.57  zzz  0.0 24.57 False
261.0 19.25 10.95 -7.8 28.0 3.4 27.58  zzz  0.0 27.58 False
262.0 20.75 13.05 -9.3 42.0 6.0 27.97  zzz  0.0 27.97 False
263.0 21.15 16.45 -7.7 54.0 5.8 20.59  zzz  0.0 20.59 False
264.0 22.95 18.95 -9.6 75.0 10.8 18.51  zzz  0.0 18.51 False
265.0 22.05 19.55 -8.7 75.0 4.6 20.38  zzz  0.0 20.38 False
266.0 22.25 19.55 -8.0 72.0 2.9 22.25  zzz  0.0 22.25 False
267.0 22.45 19.45 -7.2 59.0 4.2 21.89  zzz  0.0 21.89 False
268.0 22.05 19.25 -7.4 74.0 3.9 25.38  zzz  0.0 25.38 False
269.0 21.05 15.65 -7.4 58.0 3.4 26.61  zzz  0.0 26.61 False
270.0 21.85 19.25 -8.7 83.0 13.0 27.96  zzz  0.0 27.96 False
271.0 15.65 11.05 -3.8 76.0 5.6 26.21  zzz  0.0 26.21 False
272.0 17.85 8.35 -5.7 37.0 4.4 31.74  zzz  0.0 31.74 False
273.0 19.65 10.95 -7.5 39.0 4.6 28.54  zzz  0.0 28.54 False
274.0 21.45 15.25 -9.8 58.0 5.3 27.56  zzz  0.0 27.56 False
275.0 21.05 17.45 -7.3 59.0 7.7 32.16  zzz  0.0 32.16 False
276.0 20.75 16.95 -7.8 74.0 1.9 31.31  zzz  0.0 31.31 False
277.0 22.25 18.35 -9.0 73.0 3.3 29.47  zzz  0.0 29.47 False
278.0 21.55 19.05 -7.0 74.0 10.9 29.88  zzz  0.0 29.88 False
279.0 16.45 11.75 -4.7 74.0 10.4 22.01  zzz  0.0 22.01 False
280.0 18.05 10.75 -5.0 46.0 5.0 13.61  zzz  0.0 13.61 False
281.0 20.05 14.55 -5.6 54.0 3.1 22.27  zzz  0.0 22.27 False
282.0 19.55 13.55 -4.1 47.0 2.7 19.55  zzz  0.0 19.55 False
283.0 21.45 17.05 -6.1 58.0 7.1 13.67  zzz  0.0 13.67 False
284.0 21.75 18.95 -7.3 75.0 11.6 14.53  zzz  0.0 14.53 False
285.0 16.45 4.95 -4.1 35.0 9.0 27.01  zzz  0.0 27.01 False
286.0 20.35 13.55 -10.4 65.0 8.6 26.46  zzz  0.0 26.46 False
287.0 21.05 15.35 -9.2 61.0 6.3 12.72  zzz  0.0 12.72 False
288.0 22.45 18.55 -6.4 64.0 13.0 22.45  zzz  0.0 22.45 False
289.0 23.65 19.75 -8.7 78.0 20.9 32.54  zzz  0.0 32.54 False
290.0 19.15 12.75 -4.0 52.0 2.8 21.93  zzz  0.0 21.93 False
291.0 20.65 13.95 -6.3 50.0 3.4 17.32  zzz  0.0 17.32 False
292.0 20.75 16.75 -6.2 64.0 4.1 14.64  zzz  0.0 14.64 False
293.0 22.85 18.35 -9.1 71.0 7.6 21.18  zzz  0.0 21.18 False
294.0 21.35 16.95 -5.7 63.0 5.5 19.13  zzz  0.0 19.13 False
295.0 22.95 19.55 -7.9 85.0 9.6 21.28  zzz  0.0 21.28 False
296.0 20.95 17.35 -7.6 85.0 2.6 25.95  zzz  0.0 25.95 False
297.0 18.75 10.15 -5.9 42.0 16.0 20.97  zzz  0.0 20.97 False
298.0 16.95 4.15 -6.3 35.0 7.9 21.39  zzz  0.0 21.39 False
299.0 21.45 16.25 -9.0 67.0 10.6 23.12  zzz  0.0 23.12 False
300.0 22.05 18.85 -9.1 83.0 10.5 18.72  zzz  0.0 18.72 False
301.0 22.95 20.25 -9.2 78.0 13.4 17.95  zzz  0.0 17.95 False
302.0 17.75 9.25 -2.3 26.0 8.2 17.19  zzz  0.0 17.19 False
303.0 21.25 10.65 -7.9 29.0 5.1 13.47  zzz  0.0 13.47 False
304.0 21.85 13.05 -9.1 35.0 6.5 12.41  zzz  0.0 12.41 False
305.0 22.05 15.05 -8.4 45.0 7.9 16.49  zzz  0.0 16.49 False
306.0 22.45 17.85 -7.0 56.0 9.0 12.45  zzz  0.0 12.45 False
307.0 22.35 18.55 -6.9 49.0 2.4 17.91  zzz  0.0 17.91 False
308.0 22.55 17.65 -7.3 53.0 1.9 18.66  zzz  0.0 18.66 False
309.0 23.05 18.65 -6.8 47.0 2.8 15.83  zzz  0.0 15.83 False
310.0 24.65 20.15 -7.7 70.0 14.6 15.76  zzz  0.0 15.76 False
311.0 20.85 16.85 -7.0 70.0 9.8 15.29  zzz  0.0 15.29 False
312.0 19.35 12.15 -9.4 62.0 8.9 6.02  zzz  0.0 6.02 False
313.0 22.05 13.15 -11.1 60.0 7.6 9.83  zzz  0.0 9.83 False
314.0 22.55 17.55 -10.0 79.0 6.3 6.99  zzz  0.0 6.99 False
315.0 23.65 17.05 -11.1 69.0 9.4 6.43  zzz  0.0 6.43 False
316.0 23.95 19.05 -10.5 79.0 8.9 6.73  zzz  0.0 6.73 False
317.0 24.25 20.35 -8.2 62.0 4.3 2.03  zzz  0.0 2.03 False
318.0 22.15 19.05 -5.5 83.0 10.3 14.37  zzz  0.0 14.37 False
319.0 23.15 17.15 -9.3 74.0 10.7 23.71  zzz  0.0 23.71 False
320.0 24.25 20.55 -8.7 84.0 12.6 20.92  zzz  0.0 20.92 False
321.0 23.45 20.75 -8.1 75.0 12.4 7.89  zzz  0.0 7.89 False
322.0 20.35 15.85 -7.2 82.0 9.9 9.79  zzz  0.0 9.79 False
323.0 20.45 15.85 -7.8 76.0 6.2 9.34  zzz  0.0 9.34 False
324.0 21.55 16.75 -7.6 73.0 5.8 0.99  zzz  0.0 0.99 False
325.0 21.45 16.85 -4.7 67.0 3.4 -1.33  zzz  0.0 -1.33 False
326.0 21.95 16.75 -5.6 56.0 2.2 14.73  zzz  0.0 14.73 False
327.0 22.85 18.15 -6.0 54.0 3.0 12.85  zzz  0.0 12.85 False
328.0 23.25 17.95 -5.9 51.0 3.9 13.25  zzz  0.0 13.25 False
329.0 24.75 18.65 -7.6 49.0 2.4 15.31  zzz  0.0 15.31 False
330.0 25.45 19.85 -8.1 53.0 3.8 17.67  zzz  0.0 17.67 False
331.0 25.35 21.35 -7.6 57.0 7.4 15.35  zzz  0.0 15.35 False
332.0 26.05 21.85 -7.9 57.0 9.2 14.38  zzz  0.0 14.38 False
333.0 26.55 21.85 -9.5 62.0 6.4 6.55  zzz  0.0 6.55 False
334.0 26.15 21.85 -8.7 64.0 4.0 13.93  zzz  0.0 13.93 False
335.0 25.65 20.95 -9.4 69.0 7.9 15.65  zzz  0.0 15.65 False
336.0 22.45 18.25 -6.7 79.0 6.3 11.89  zzz  0.0 11.89 False
337.0 24.45 15.45 -10.6 46.0 7.8 11.12  zzz  0.0 11.12 False
338.0 25.25 15.85 -9.8 44.0 5.1 13.58  zzz  0.0 13.58 False
339.0 25.45 17.35 -9.1 49.0 5.3 13.23  zzz  0.0 13.23 False
340.0 26.05 18.85 -9.7 58.0 9.8 12.72  zzz  0.0 12.72 False
341.0 26.65 19.25 -9.6 49.0 10.5 14.98  zzz  0.0 14.98 False
342.0 26.55 20.05 -9.1 58.0 9.4 -2.34  zzz  0.0 -2.34 False
343.0 25.85 21.65 -8.8 64.0 5.9 4.74  zzz  0.0 4.74 False
344.0 26.55 20.15 -9.7 65.0 7.7 7.11  zzz  0.0 7.11 False
345.0 26.95 20.35 -10.8 69.0 10.0 3.06  zzz  0.0 3.06 False
346.0 26.95 21.35 -11.3 74.0 11.0 9.17  zzz  0.0 9.17 False
347.0 26.55 22.05 -10.4 73.0 10.6 5.99  zzz  0.0 5.99 False
348.0 25.05 21.55 -7.3 80.0 7.0 13.38  zzz  0.0 13.38 False
349.0 23.85 11.65 -10.4 36.0 10.9 13.85  zzz  0.0 13.85 False
350.0 25.25 15.95 -11.8 52.0 11.5 14.69  zzz  0.0 14.69 False
351.0 25.85 17.75 -11.5 59.0 11.4 15.29  zzz  0.0 15.29 False
352.0 26.55 17.65 -12.2 56.0 12.2 8.77  zzz  0.0 8.77 False
353.0 26.25 18.25 -12.3 65.0 9.2 7.92  zzz  0.0 7.92 False
354.0 26.05 17.85 -9.8 57.0 8.7 6.61  zzz  0.0 6.61 False
355.0 26.15 19.05 -7.6 54.0 3.4 -1.07  zzz  0.0 -1.07 False
356.0 26.65 20.45 -6.9 50.0 3.8 6.65  zzz  0.0 6.65 False
357.0 27.35 20.25 -7.6 51.0 3.4 9.02  zzz  0.0 9.02 False
358.0 27.85 21.45 -9.4 63.0 4.6 4.52  zzz  0.0 4.52 False
359.0 27.25 21.15 -10.7 69.0 5.4 0.58  zzz  0.0 0.58 False
360.0 27.05 20.65 -10.7 68.0 5.0 -0.73  zzz  0.0 -0.73 False
361.0 27.15 21.65 -9.9 70.0 5.4 6.04  zzz  0.0 6.04 False
362.0 27.35 21.45 -10.0 71.0 4.2 9.57  zzz  0.0 9.57 False
363.0 27.05 21.85 -9.6 71.0 3.7 5.38  zzz  0.0 5.38 False
mean rms  13.939368131868132 16.79408375517474


0 0.9500884175255894 1.0
1 -0.1513572082976979 1.0
2 -0.10321885179355784 1.0
3 0.41059850193837233 1.0
4 0.144043571160878 1.0
5 1.454273506962975 1.0
initial kbest, smin =  1 9.50066159635059
new best  2 8 8.8690294931252 9.50066159635059 0.5288293186832009
0 0.5667513171053311 2.0106481828332865
1 -0.5476984668883029 1.0037780078337095
2 -0.7830473750545375 2.5391982310016687
3 -1.1741428077506328 1.4048983955008632
4 0.4201216631199747 0.9844402124417343
5 0.28774992541344924 1.174600592224003
new best  172 9 8.82642053707515 8.8690294931252 0.5262886951329898
0 5.917298499299405 10.995709081344929
1 0.10284664564589563 4.249821304192726
2 -2.1947716606480236 4.6649039030050625
3 -1.0149093868505519 0.559345871680536
4 0.45714763347283005 0.8723955322503301
5 0.4493475689876818 0.2991992963867515
new best  253 6 8.6345160328877 8.82642053707515 0.5148460983663027
0 5.957200873125434 0.12101492314476524
1 0.10300419091561704 0.0010417320603659018
2 -2.2107778173625516 0.13609711634215838
3 -0.988510542820239 0.5992116284123743
4 0.47585131201928427 0.25930003891545406
5 0.40291411628517 0.9899486762641517
new best  307 9 8.365805300304377 8.6345160328877 0.49882381388240826
0 5.992966035424099 1.0637845693661583
1 -0.04058268183328688 1.000680228545659
2 -2.190411198320899 0.9859884387355364
3 -1.3015099286235328 0.6133883237460838
4 0.507508548759831 1.0127051147791457
5 0.381260433942421 0.4223907941557896
new best  333 5 8.229573873990915 8.365805300304377 0.4907008087197315
0 7.298600778224198 1.2593774788029983
1 -0.08745484413868068 1.0450393538557472
2 -2.053110399458949 0.8933436215151813
3 -1.333693726849014 0.27317847059771844
4 0.5315966600880387 0.2557022559156244
5 0.0531132188266501 1.1552996252737044
new best  483 1 7.8606516233079615 8.229573873990915 0.46870326066478724
0 11.877821266807704 4.393946531308665
1 0.1759612296774629 1.558351239950354
2 -2.3549203057582364 0.6189834517551254
3 -0.3920461142642263 1.3907124529858435
4 0.5361313040210077 1.024090899982436
5 0.22349117264491122 0.5486420366236404
new best  524 6 7.814748515096631 7.8606516233079615 0.4659662183018482
0 11.826712405802807 0.14170135758342678
1 0.2379809114794314 5.8008055914482375
2 -2.360311502768108 0.3424558376341359
3 -0.4646671512198173 0.08422217073868475
4 0.5237795016962626 0.5441423879714862
5 0.18055279768225277 0.7438242467771767
new best  605 5 7.529256702834867 7.814748515096631 0.44894333652148544
0 11.52024824191324 0.9351770625110485
1 0.2378071896585104 0.0006501576582486631
2 -1.8945315676104764 0.7852376392493222
3 -0.22464107238163383 0.9179017183714763
4 0.40637008968787364 0.6769572217167418
5 0.2874048634843999 1.0774493151484281
new best  1542 5 7.492199023180072 7.529256702834867 0.44673371623563385
0 14.409602161315101 3.225544657448368
1 -0.2847890023744499 0.9996348826405298
2 -1.6044540343409486 1.3510982991956098
3 -0.5873189256660079 0.4593152174923649
4 0.4541879288565906 2.2236208623021523
5 0.08253133282834135 0.1984682529969469
new best  1563 2 7.442054761927269 7.492199023180072 0.44374378869793113
0 14.83225970888236 0.3795074670233646
1 -0.22691711884555218 0.31626325349587825
2 -1.5318737717244748 1.6290525100707702
3 -0.40880666368624463 0.7183668058666319
4 0.4006165642719921 0.08420686293108817
5 0.38696611020218313 0.7702057094503209
new best  4141 6 7.343090656736929 7.442054761927269 0.4378429040112281
0 15.649568250280945 0.5269753325436396
1 -0.06029057716357916 0.6034945487319785
2 -1.503830696412757 0.47756643005060334
3 0.07708305160509071 1.1853472801029394
4 0.4016296983365334 1.0457422208478795
5 0.25746203408321044 0.45599379886686864
new best  4267 4 7.265669078943912 7.343090656736929 0.43322652515406046
0 16.93687241784529 0.8578562938639497
1 0.15371770555904593 0.552646761049384
2 -1.7194769345275716 0.38427557321161226
3 0.08611417850548354 0.07797465515791281
4 0.3641580905155032 0.6712298174022753
5 0.1614876114904858 1.0815510650250255
new best  7879 4 7.069618091318204 7.265669078943912 0.42153668803111066
0 22.275481831066585 2.1370585424915185
1 -0.4826538611433546 1.2861551079771405
2 -0.8749789322537803 0.568480482547534
3 0.004978897466626234 0.999281486523293
4 0.28242106024827285 0.744252550465453
5 0.16496637759770433 0.68087326733884
new best  9063 3 7.055364869842363 7.069618091318204 0.4206868181092717
0 22.43133730033222 0.13166904697143586
1 -0.867369030802503 1.9330217343153855
2 -0.6908534685455443 0.8028359256431644
3 -0.3675226121279877 0.7489101190822671
4 0.2958433436400285 0.1735986585810702
5 0.30009325596349135 0.6825548023849916
new best  11462 2 7.0279210920105655 7.055364869842363 0.4190504412831339
0 23.313675353406502 0.988484331174768
1 -0.7001106902147607 0.17069827324137632
2 -0.6403878717978913 0.1394469764311186
3 0.31671949644470593 1.41167862333447
4 0.28671177552968696 0.8665630402086267
5 0.34504873759820337 2.123111289155868
new best  13566 7 7.01862492158969 7.0279210920105655 0.41849614303958366
0 43.92920080287775 13.84520023147035
1 -1.223830724883356 1.1028381715615276
2 -0.04214988601148961 0.7881144392957017
3 -0.11106735364259523 0.49081813407880737
4 -0.06696971454932871 0.41715173745220524
5 0.3236674613456545 0.08328459392248524
new best  13579 1 6.974228447072311 7.01862492158969 0.41584893599295464
0 43.92483470571245 0.014708916296873011
1 -2.532871591538384 0.9567753868829931
2 -0.015012198180279015 0.8035265156534326
3 -1.0467770794686064 1.9295788623004733
4 0.3356304121168554 0.7850741127458809
5 -0.059236889001928694 0.8924619575428927
new best  13605 1 6.844686369389204 6.974228447072311 0.40812479337565183
0 43.7238011142845 0.9863148867195722
1 -2.4994668928694215 0.36582573892822057
2 -0.08766292875939681 2.269625258789588
3 -2.030821590369616 0.4050466566055584
4 0.20854293792228054 0.7195065636674265
5 -0.048836745383354654 2.495964537334344
new best  13780 8 6.650729654276193 6.844686369389204 0.3965598304237582
0 48.15969776146189 1.9844455335097566
1 -2.275318378248808 1.458050864131996
2 -0.1627323769797509 0.14257878657010692
3 -1.438715239972011 0.7284188866027027
4 0.15683818995581744 0.4456989194489026
5 -0.10672903386348453 0.11519174638427501
new best  13886 2 6.555505124288997 6.650729654276193 0.39088192357339857
0 48.32627725761202 0.8408233984686392
1 -2.2648501416838336 0.21476506463048697
2 0.46993354847491203 0.8883397201973147
3 -0.6143256475899656 3.4011387087604343
4 0.12917553414351024 0.8238674325667917
5 -0.3860231506455611 0.9102297229529063
new best  13894 3 6.432582302216472 6.555505124288997 0.3835524640989862
0 48.66992381601336 0.28565643932240903
1 -1.9754488045015532 0.9303133844577953
2 0.34220214398011334 0.19236834832978109
3 -0.4912373485137193 0.15414211262054658
4 0.01463477669814646 0.7105211177180161
5 0.3610729630057888 1.0146731132368694
new best  14437 8 6.417776292601993 6.432582302216472 0.38266963334699566
0 47.24340163290392 1.2583044631900042
1 -2.103842419773515 1.0174599089108245
2 0.1317598699030325 0.864208896348646
3 -0.5402693312692488 1.1971681782207524
4 0.1705596156501374 0.5905828849102691
5 -0.2111791609512123 0.5699583832507015
new best  15557 5 6.4015585970885445 6.417776292601993 0.3817026286848016
0 49.06421401060341 0.762444485360366
1 -1.8270798966744355 1.1463552245908954
2 -0.2172578617542979 0.7251472491290353
3 -0.5904493544318663 0.19322783985451425
4 0.12252587146399681 1.2254569866677432
5 -0.07271002155289202 0.4583642693692973
new best  18937 4 6.356529435865502 6.4015585970885445 0.37901769673492863
0 48.943363218608766 0.22152380372700375
1 -2.6214341786321356 1.281073392251231
2 0.6954081051750294 0.9472616385060829
3 -0.7154596076639699 1.1595204072751133
4 0.12332281071459536 0.4840116381549852
5 0.13318977661542228 1.3741219558181508
new best  19389 6 6.336126262585154 6.356529435865502 0.37780112662055637
0 48.16050758030292 0.9942192511445826
1 -2.5886740403946606 0.17925969911080009
2 0.5758872056197691 0.9949909362765073
3 -1.0384091307223233 0.25769823531168723
4 0.10814179831644286 2.246483681400474
5 0.19410269835363933 0.30114347467041347
new best  20707 4 6.334826037552475 6.336126262585154 0.3777235987333508
0 47.9232765939636 0.6333088620631585
1 -2.3825165799019614 0.8636236675050378
2 0.5602753383143816 0.6505299112979817
3 -0.8369007948708226 0.6903049130713926
4 0.045563571337304265 2.03182129753998
5 0.26848797275668246 1.1512747846114415
new best  21975 9 6.311941204465026 6.334826037552475 0.3763590558936641
0 47.992982014850355 1.1223592017924442
1 -2.400217010162763 0.2582122989783448
2 0.591307177538551 0.5660843364357699
3 -0.6786004137976992 0.4548013964829234
4 0.0638975328014621 0.21459956710792003
5 0.33415237552127497 1.868298929243405
new best  27230 7 6.262144213036482 6.311941204465026 0.3733898348452908
0 49.81894641125918 1.7220974353543963
1 -2.3977590069904946 0.8339697132215584
2 0.4759525241615275 1.529785536008472
3 -1.0478462861526332 0.740388886161145
4 0.041407743168279325 0.8176316022376262
5 0.11588899568992711 3.243807267439373
new best  33042 1 6.237791824559565 6.262144213036482 0.3719377867923963
0 58.25736176184108 6.961542938058584
1 -2.6768797656647823 0.4051748303948074
2 0.5565117516176874 0.49745586280962023
3 -0.6906952368992592 0.6038386560884386
4 0.056477193912840416 3.358074502069283
5 -0.04637939536266289 0.21466994634309997
new best  39752 1 6.220459439390314 6.237791824559565 0.3709043170708992
0 58.258375644043035 0.0011534484533981511
1 -2.7546686896705683 0.8667527926181626
2 0.4973618758990395 1.0911227248831026
3 -1.1545352079287157 0.7482457643472009
4 0.05587617604593703 0.0010904242224623292
5 -0.08249226404893059 1.1424967596296731
new best  50540 4 6.176309419885764 6.220459439390314 0.3682718052777499
0 59.478472924731314 1.0007546972336505
1 -2.785075678442108 0.07760907439901737
2 0.7648265202058973 0.6900606751980616
3 -0.6623180240974642 0.42696008598714347
4 0.02061078809801465 0.9989879470726283
5 0.003420632989828018 0.3285446936993599
new best  61351 3 6.11621850187529 6.176309419885764 0.36468879326328313
0 63.23511838722763 2.459221708000954
1 -3.1315511831298535 1.0044541005556895
2 1.1792797596984044 0.8084026732310414
3 -1.0908633233685952 0.9152696858245725
4 -0.07212364032808777 0.1474854582977467
5 -0.013467204601021125 1.1397352410741086
best score in training period  83999 0 6.11621850187529 6.11621850187529 0.36468879326328313
score in the untrained period:  5.524477685166842
found  34 new bests along the way

0 0.0 0.0
1 0.0 0.0
2 0.0 0.0
3 0.0 0.0
4 0.0 0.0
5 0.0 0.0


0 0.9500884175255894 1.0
1 -0.1513572082976979 1.0
2 -0.10321885179355784 1.0
3 0.41059850193837233 1.0
4 0.144043571160878 1.0
5 1.454273506962975 1.0


0 0.5667513171053311 2.0106481828332865
1 -0.5476984668883029 1.0037780078337095
2 -0.7830473750545375 2.5391982310016687
3 -1.1741428077506328 1.4048983955008632
4 0.4201216631199747 0.9844402124417343
5 0.28774992541344924 1.174600592224003


0 5.917298499299405 10.995709081344929
1 0.10284664564589563 4.249821304192726
2 -2.1947716606480236 4.6649039030050625
3 -1.0149093868505519 0.559345871680536
4 0.45714763347283005 0.8723955322503301
5 0.4493475689876818 0.2991992963867515


0 5.957200873125434 0.12101492314476524
1 0.10300419091561704 0.0010417320603659018
2 -2.2107778173625516 0.13609711634215838
3 -0.988510542820239 0.5992116284123743
4 0.47585131201928427 0.25930003891545406
5 0.40291411628517 0.9899486762641517


0 5.992966035424099 1.0637845693661583
1 -0.04058268183328688 1.000680228545659
2 -2.190411198320899 0.9859884387355364
3 -1.3015099286235328 0.6133883237460838
4 0.507508548759831 1.0127051147791457
5 0.381260433942421 0.4223907941557896


0 7.298600778224198 1.2593774788029983
1 -0.08745484413868068 1.0450393538557472
2 -2.053110399458949 0.8933436215151813
3 -1.333693726849014 0.27317847059771844
4 0.5315966600880387 0.2557022559156244
5 0.0531132188266501 1.1552996252737044


0 11.877821266807704 4.393946531308665
1 0.1759612296774629 1.558351239950354
2 -2.3549203057582364 0.6189834517551254
3 -0.3920461142642263 1.3907124529858435
4 0.5361313040210077 1.024090899982436
5 0.22349117264491122 0.5486420366236404


0 11.826712405802807 0.14170135758342678
1 0.2379809114794314 5.8008055914482375
2 -2.360311502768108 0.3424558376341359
3 -0.4646671512198173 0.08422217073868475
4 0.5237795016962626 0.5441423879714862
5 0.18055279768225277 0.7438242467771767


0 11.52024824191324 0.9351770625110485
1 0.2378071896585104 0.0006501576582486631
2 -1.8945315676104764 0.7852376392493222
3 -0.22464107238163383 0.9179017183714763
4 0.40637008968787364 0.6769572217167418
5 0.2874048634843999 1.0774493151484281


0 14.409602161315101 3.225544657448368
1 -0.2847890023744499 0.9996348826405298
2 -1.6044540343409486 1.3510982991956098
3 -0.5873189256660079 0.4593152174923649
4 0.4541879288565906 2.2236208623021523
5 0.08253133282834135 0.1984682529969469


0 14.83225970888236 0.3795074670233646
1 -0.22691711884555218 0.31626325349587825
2 -1.5318737717244748 1.6290525100707702
3 -0.40880666368624463 0.7183668058666319
4 0.4006165642719921 0.08420686293108817
5 0.38696611020218313 0.7702057094503209


0 15.649568250280945 0.5269753325436396
1 -0.06029057716357916 0.6034945487319785
2 -1.503830696412757 0.47756643005060334
3 0.07708305160509071 1.1853472801029394
4 0.4016296983365334 1.0457422208478795
5 0.25746203408321044 0.45599379886686864


0 16.93687241784529 0.8578562938639497
1 0.15371770555904593 0.552646761049384
2 -1.7194769345275716 0.38427557321161226
3 0.08611417850548354 0.07797465515791281
4 0.3641580905155032 0.6712298174022753
5 0.1614876114904858 1.0815510650250255


0 22.275481831066585 2.1370585424915185
1 -0.4826538611433546 1.2861551079771405
2 -0.8749789322537803 0.568480482547534
3 0.004978897466626234 0.999281486523293
4 0.28242106024827285 0.744252550465453
5 0.16496637759770433 0.68087326733884


0 22.43133730033222 0.13166904697143586
1 -0.867369030802503 1.9330217343153855
2 -0.6908534685455443 0.8028359256431644
3 -0.3675226121279877 0.7489101190822671
4 0.2958433436400285 0.1735986585810702
5 0.30009325596349135 0.6825548023849916


0 23.313675353406502 0.988484331174768
1 -0.7001106902147607 0.17069827324137632
2 -0.6403878717978913 0.1394469764311186
3 0.31671949644470593 1.41167862333447
4 0.28671177552968696 0.8665630402086267
5 0.34504873759820337 2.123111289155868


0 43.92920080287775 13.84520023147035
1 -1.223830724883356 1.1028381715615276
2 -0.04214988601148961 0.7881144392957017
3 -0.11106735364259523 0.49081813407880737
4 -0.06696971454932871 0.41715173745220524
5 0.3236674613456545 0.08328459392248524


0 43.92483470571245 0.014708916296873011
1 -2.532871591538384 0.9567753868829931
2 -0.015012198180279015 0.8035265156534326
3 -1.0467770794686064 1.9295788623004733
4 0.3356304121168554 0.7850741127458809
5 -0.059236889001928694 0.8924619575428927


0 43.7238011142845 0.9863148867195722
1 -2.4994668928694215 0.36582573892822057
2 -0.08766292875939681 2.269625258789588
3 -2.030821590369616 0.4050466566055584
4 0.20854293792228054 0.7195065636674265
5 -0.048836745383354654 2.495964537334344


0 48.15969776146189 1.9844455335097566
1 -2.275318378248808 1.458050864131996
2 -0.1627323769797509 0.14257878657010692
3 -1.438715239972011 0.7284188866027027
4 0.15683818995581744 0.4456989194489026
5 -0.10672903386348453 0.11519174638427501


0 48.32627725761202 0.8408233984686392
1 -2.2648501416838336 0.21476506463048697
2 0.46993354847491203 0.8883397201973147
3 -0.6143256475899656 3.4011387087604343
4 0.12917553414351024 0.8238674325667917
5 -0.3860231506455611 0.9102297229529063


0 48.66992381601336 0.28565643932240903
1 -1.9754488045015532 0.9303133844577953
2 0.34220214398011334 0.19236834832978109
3 -0.4912373485137193 0.15414211262054658
4 0.01463477669814646 0.7105211177180161
5 0.3610729630057888 1.0146731132368694


0 47.24340163290392 1.2583044631900042
1 -2.103842419773515 1.0174599089108245
2 0.1317598699030325 0.864208896348646
3 -0.5402693312692488 1.1971681782207524
4 0.1705596156501374 0.5905828849102691
5 -0.2111791609512123 0.5699583832507015


0 49.06421401060341 0.762444485360366
1 -1.8270798966744355 1.1463552245908954
2 -0.2172578617542979 0.7251472491290353
3 -0.5904493544318663 0.19322783985451425
4 0.12252587146399681 1.2254569866677432
5 -0.07271002155289202 0.4583642693692973


0 48.943363218608766 0.22152380372700375
1 -2.6214341786321356 1.281073392251231
2 0.6954081051750294 0.9472616385060829
3 -0.7154596076639699 1.1595204072751133
4 0.12332281071459536 0.4840116381549852
5 0.13318977661542228 1.3741219558181508


0 48.16050758030292 0.9942192511445826
1 -2.5886740403946606 0.17925969911080009
2 0.5758872056197691 0.9949909362765073
3 -1.0384091307223233 0.25769823531168723
4 0.10814179831644286 2.246483681400474
5 0.19410269835363933 0.30114347467041347


0 47.9232765939636 0.6333088620631585
1 -2.3825165799019614 0.8636236675050378
2 0.5602753383143816 0.6505299112979817
3 -0.8369007948708226 0.6903049130713926
4 0.045563571337304265 2.03182129753998
5 0.26848797275668246 1.1512747846114415


0 47.992982014850355 1.1223592017924442
1 -2.400217010162763 0.2582122989783448
2 0.591307177538551 0.5660843364357699
3 -0.6786004137976992 0.4548013964829234
4 0.0638975328014621 0.21459956710792003
5 0.33415237552127497 1.868298929243405


0 49.81894641125918 1.7220974353543963
1 -2.3977590069904946 0.8339697132215584
2 0.4759525241615275 1.529785536008472
3 -1.0478462861526332 0.740388886161145
4 0.041407743168279325 0.8176316022376262
5 0.11588899568992711 3.243807267439373


0 58.25736176184108 6.961542938058584
1 -2.6768797656647823 0.4051748303948074
2 0.5565117516176874 0.49745586280962023
3 -0.6906952368992592 0.6038386560884386
4 0.056477193912840416 3.358074502069283
5 -0.04637939536266289 0.21466994634309997


0 58.258375644043035 0.0011534484533981511
1 -2.7546686896705683 0.8667527926181626
2 0.4973618758990395 1.0911227248831026
3 -1.1545352079287157 0.7482457643472009
4 0.05587617604593703 0.0010904242224623292
5 -0.08249226404893059 1.1424967596296731


0 59.478472924731314 1.0007546972336505
1 -2.785075678442108 0.07760907439901737
2 0.7648265202058973 0.6900606751980616
3 -0.6623180240974642 0.42696008598714347
4 0.02061078809801465 0.9989879470726283
5 0.003420632989828018 0.3285446936993599


0 63.23511838722763 2.459221708000954
1 -3.1315511831298535 1.0044541005556895
2 1.1792797596984044 0.8084026732310414
3 -1.0908633233685952 0.9152696858245725
4 -0.07212364032808777 0.1474854582977467
5 -0.013467204601021125 1.1397352410741086


Forecasts in the training period:
0.0 26.35 23.15 -9.0 78.0 3.8 3.57  zzz  12.160021736016681 -8.59002173601668 False
1.0 26.35 22.65 -8.5 75.0 3.9 3.02  zzz  11.239974395007339 -8.21997439500734 False
2.0 24.95 22.45 -7.6 85.0 7.8 8.84  zzz  13.632754607192856 -4.792754607192856 True
3.0 24.65 22.05 -7.9 83.0 8.1 6.32  zzz  14.567974174538907 -8.247974174538907 False
4.0 24.05 21.85 -7.6 86.0 13.7 5.16  zzz  15.592002668716571 -10.43200266871657 False
5.0 26.85 22.95 -8.7 81.0 21.9 6.85  zzz  9.571003871238744 -2.7210038712387448 True
6.0 26.65 23.15 -8.9 78.0 7.9 9.98  zzz  11.05625450987669 -1.076254509876689 True
7.0 26.85 23.25 -8.1 68.0 2.3 11.29  zzz  10.471834339572267 0.8181656604277325 True
8.0 26.85 23.55 -9.4 79.0 5.6 6.29  zzz  11.405938769068626 -5.115938769068626 True
9.0 27.45 23.55 -9.6 76.0 3.6 5.23  zzz  9.988486054050746 -4.758486054050746 True
10.0 28.05 23.85 -9.7 73.0 2.6 8.61  zzz  8.80226373000449 -0.19226373000449115 True
11.0 28.55 23.85 -10.0 70.0 2.6 2.99  zzz  7.780118056434401 -4.790118056434401 False
12.0 28.05 22.85 -9.2 70.0 1.7 6.38  zzz  7.30604371374697 -0.9260437137469699 True
13.0 27.55 23.25 -8.0 68.0 5.6 4.22  zzz  8.126220403861138 -3.9062204038611386 True
14.0 27.75 22.85 -8.7 75.0 2.6 4.97  zzz  7.327338721220275 -2.357338721220275 True
15.0 28.35 23.25 -9.4 74.0 1.7 5.57  zzz  6.76796836604874 -1.1979683660487401 True
16.0 28.55 23.25 -10.1 71.0 1.9 1.88  zzz  7.118939935844845 -5.238939935844845 False
17.0 28.85 23.85 -9.6 74.0 2.5 6.07  zzz  6.117159531295769 -0.047159531295768886 True
18.0 28.95 23.05 -9.7 72.0 1.5 9.51  zzz  5.127381422818125 4.382618577181875 True
19.0 28.55 23.05 -9.7 70.0 1.4 6.33  zzz  6.525595897186326 -0.19559589718632608 True
20.0 28.45 22.25 -10.0 66.0 2.3 3.45  zzz  6.4989602819226 -3.0489602819226 True
21.0 29.05 21.85 -10.9 66.0 2.9 1.83  zzz  5.122014336436458 -3.2920143364364582 False
22.0 28.25 22.35 -10.4 73.0 5.5 3.25  zzz  7.131583286845969 -3.881583286845969 False
23.0 28.35 22.75 -10.7 76.0 6.9 -2.76  zzz  7.382174061997225 -10.142174061997224 False
24.0 28.35 23.25 -10.1 78.0 6.4 -0.54  zzz  7.179782269469604 -7.719782269469604 False
25.0 28.15 22.85 -9.4 72.0 3.3 0.93  zzz  7.045266452089904 -6.115266452089904 False
26.0 28.75 23.35 -9.4 72.0 1.6 0.97  zzz  5.7788698698829215 -4.808869869882922 False
27.0 28.45 23.35 -9.3 76.0 5.4 9.01  zzz  6.269578953688791 2.7404210463112086 True
28.0 28.65 22.95 -9.3 70.0 5.1 10.87  zzz  5.608338816532291 5.261661183467708 True
29.0 28.35 23.35 -9.6 71.0 7.4 6.13  zzz  7.243676861450742 -1.1136768614507417 True
30.0 26.05 22.65 -8.2 79.0 8.7 2.16  zzz  11.499043609538468 -9.339043609538468 False
31.0 26.85 23.35 -8.0 73.0 10.0 9.07  zzz  10.016360306136948 -0.9463603061369472 True
32.0 27.25 22.75 -9.8 77.0 9.1 5.58  zzz  9.743351881958006 -4.163351881958006 True
33.0 27.75 22.85 -10.3 75.0 8.8 1.08  zzz  8.989223370083698 -7.909223370083698 False
34.0 28.15 23.75 -10.0 78.0 11.4 3.15  zzz  8.219310030602825 -5.069310030602825 False
35.0 28.25 23.15 -10.7 75.0 7.6 1.58  zzz  8.22973768129695 -6.6497376812969495 False
36.0 28.25 23.45 -10.7 76.0 8.3 2.69  zzz  8.501970925657668 -5.811970925657668 False
37.0 28.15 22.75 -10.7 73.0 5.6 1.48  zzz  8.242362585588799 -6.762362585588798 False
38.0 28.35 22.75 -11.2 72.0 6.4 7.24  zzz  8.222833887294383 -0.9828338872943831 True
39.0 27.75 22.05 -9.7 73.0 2.2 3.86  zzz  7.6244123993267285 -3.7644123993267287 True
40.0 28.05 21.95 -9.8 75.0 2.7 2.49  zzz  6.5251245177981 -4.0351245177981 False
41.0 27.95 22.75 -9.7 73.0 6.3 4.62  zzz  7.768382455625458 -3.148382455625458 True
42.0 28.15 22.95 -9.9 72.0 4.1 2.04  zzz  7.697852326063223 -5.657852326063223 False
43.0 27.55 22.65 -9.9 73.0 6.4 0.33  zzz  9.119900897121168 -8.789900897121168 False
44.0 27.75 22.35 -10.5 76.0 7.0 -2.25  zzz  8.569873482861963 -10.819873482861963 False
45.0 28.15 23.25 -10.2 76.0 10.2 3.15  zzz  8.008250741604742 -4.858250741604742 False
46.0 26.45 22.15 -8.6 78.0 12.9 -5.22  zzz  10.108689966788564 -15.328689966788563 False
47.0 27.95 22.55 -9.7 73.0 7.1 -4.27  zzz  7.521752740004958 -11.791752740004958 False
48.0 28.25 23.75 -9.2 70.0 5.3 -3.42  zzz  7.692603324285886 -11.112603324285885 False
49.0 28.45 24.05 -9.2 76.0 3.7 1.23  zzz  7.0088827009625465 -5.778882700962546 False
50.0 28.05 24.25 -8.8 70.0 4.2 1.38  zzz  8.487022036474743 -7.107022036474743 False
51.0 28.25 24.25 -7.9 69.0 3.3 1.03  zzz  6.963178933286045 -5.933178933286045 False
52.0 28.15 22.95 -8.0 65.0 5.0 0.93  zzz  6.117957009818587 -5.187957009818588 False
53.0 28.35 24.05 -8.4 75.0 8.4 5.02  zzz  6.458174939283939 -1.4381749392839396 True
54.0 28.45 24.05 -6.6 67.0 9.3 6.78  zzz  4.7463344773912715 2.033665522608729 True
55.0 28.75 23.45 -9.8 71.0 6.1 4.31  zzz  6.34466439482369 -2.0346643948236904 True
56.0 28.45 23.15 -8.7 67.0 4.2 4.01  zzz  6.044478416201963 -2.0344784162019636 True
57.0 28.65 23.05 -9.5 68.0 1.6 8.65  zzz  6.135821953935601 2.5141780460643997 True
58.0 29.55 23.55 -10.8 72.0 4.6 11.77  zzz  4.996291914231697 6.773708085768303 True
59.0 29.65 23.65 -10.9 73.0 5.0 8.54  zzz  4.8326405820569205 3.7073594179430787 True
60.0 29.45 23.45 -10.9 75.0 5.1 6.12  zzz  5.077500865626932 1.0424991343730685 True
61.0 28.85 23.35 -9.8 71.0 2.3 8.29  zzz  5.964756678024754 2.325243321975245 True
62.0 29.05 23.35 -9.8 69.0 2.1 5.72  zzz  5.485387162975165 0.2346128370248346 True
63.0 29.25 23.35 -9.6 72.0 3.3 7.03  zzz  4.408372695169988 2.621627304830012 True
64.0 28.95 23.75 -8.3 73.0 5.0 5.06  zzz  4.306409745459313 0.7535902545406863 True
65.0 29.35 24.25 -9.2 74.0 5.9 8.24  zzz  4.54096201861929 3.6990379813807106 True
66.0 29.75 23.75 -10.9 73.0 3.7 8.08  zzz  4.654920805695098 3.425079194304902 True
67.0 29.35 23.55 -10.6 74.0 3.2 6.02  zzz  5.279036291969199 0.7409637080308009 True
68.0 29.55 23.55 -11.5 74.0 8.2 1.77  zzz  5.567167023369861 -3.797167023369861 False
69.0 29.15 23.55 -10.9 74.0 7.4 5.26  zzz  6.176043266281472 -0.9160432662814726 True
70.0 30.15 24.55 -11.6 77.0 7.3 3.48  zzz  4.772351968683871 -1.2923519686838714 True
71.0 29.45 23.85 -10.2 68.0 5.5 6.12  zzz  5.2850870436044834 0.8349129563955167 True
72.0 29.85 23.45 -11.1 65.0 6.5 5.41  zzz  4.745435373888145 0.6645646261118552 True
73.0 29.25 23.25 -10.0 72.0 2.7 7.58  zzz  4.7348703713081965 2.8451296286918035 True
74.0 28.95 23.05 -10.0 72.0 2.7 10.06  zzz  5.438479774307477 4.621520225692524 True
75.0 28.25 22.25 -9.3 70.0 5.0 7.14  zzz  6.036810178455446 1.1031898215445537 True
76.0 29.45 23.45 -10.8 70.0 5.4 6.67  zzz  5.3249925735502055 1.3450074264497944 True
77.0 29.45 24.25 -10.4 75.0 6.1 4.45  zzz  5.4620258071003365 -1.0120258071003363 True
78.0 28.95 23.85 -10.1 78.0 4.8 3.95  zzz  6.02996694277239 -2.0799669427723897 True
79.0 29.15 23.45 -10.8 76.0 5.9 4.15  zzz  5.824982484220129 -1.6749824842201289 True
80.0 28.85 22.95 -10.8 75.0 6.3 1.63  zzz  6.241544717797552 -4.611544717797552 False
81.0 29.05 24.45 -10.2 78.0 9.4 0.72  zzz  6.471516871450601 -5.751516871450601 False
82.0 29.15 24.55 -10.4 77.0 8.5 0.82  zzz  6.578706518250192 -5.758706518250191 False
83.0 28.65 23.35 -10.6 74.0 4.8 1.98  zzz  7.213718640858783 -5.233718640858783 False
84.0 27.65 23.15 -9.5 77.0 3.8 3.21  zzz  8.706560499960261 -5.496560499960261 False
85.0 27.75 22.95 -9.5 73.0 5.6 2.75  zzz  8.421803022738102 -5.671803022738102 False
86.0 28.15 23.15 -11.1 77.0 6.1 -1.29  zzz  8.855191655202734 -10.145191655202733 False
87.0 27.75 22.05 -11.2 75.0 4.5 -1.69  zzz  9.085485533141096 -10.775485533141095 False
88.0 28.55 20.95 -12.0 68.0 4.2 2.44  zzz  6.66463315334076 -4.2246331533407595 False
89.0 28.75 21.85 -11.2 69.0 3.4 1.53  zzz  6.165634165101208 -4.635634165101208 False
90.0 28.75 22.05 -10.8 70.0 1.8 0.97  zzz  5.914568674726999 -4.944568674726999 False
91.0 28.45 21.55 -9.7 67.0 2.5 -0.99  zzz  5.271388371874849 -6.261388371874849 False
92.0 28.75 22.85 -9.6 73.0 2.4 4.31  zzz  5.324505250698533 -1.0145052506985337 True
93.0 29.05 22.95 -10.0 72.0 3.8 3.49  zzz  4.992582754963521 -1.5025827549635205 True
94.0 29.15 22.75 -10.1 69.0 1.6 8.59  zzz  4.798656788154234 3.791343211845766 True
95.0 29.55 23.45 -10.6 74.0 5.0 6.77  zzz  4.5105571110915506 2.259442888908449 True
96.0 29.25 24.15 -10.8 75.0 5.4 3.14  zzz  6.416180440324617 -3.2761804403246173 False
97.0 29.25 23.35 -10.9 71.0 4.5 9.81  zzz  5.882458010356025 3.9275419896439754 True
98.0 29.05 21.85 -11.8 68.0 5.9 7.38  zzz  5.919142433008957 1.4608575669910433 True
99.0 28.75 21.65 -11.7 69.0 5.7 4.86  zzz  6.444235304263474 -1.5842353042634736 True
100.0 28.55 22.95 -11.3 75.0 7.9 9.66  zzz  7.704894207059162 1.955105792940838 True
101.0 28.75 22.65 -11.0 75.0 11.2 5.97  zzz  6.353099270329719 -0.38309927032971913 True
102.0 28.25 22.95 -10.6 77.0 7.6 -3.42  zzz  7.740548116364234 -11.160548116364234 False
103.0 28.25 21.65 -10.0 68.0 1.7 7.14  zzz  6.2815357048339635 0.8584642951660362 True
104.0 28.35 21.85 -10.0 66.0 1.3 10.57  zzz  6.3538707009572395 4.216129299042761 True
105.0 28.75 22.35 -10.4 68.0 3.4 16.53  zzz  5.954707026583622 10.575292973416378 True
106.0 29.45 24.15 -11.1 75.0 7.8 11.12  zzz  6.0848079096667735 5.035192090333226 True
107.0 29.25 23.55 -10.9 73.0 7.4 14.81  zzz  5.935011788296569 8.874988211703432 True
108.0 28.75 23.15 -10.8 74.0 8.9 14.86  zzz  6.827664696415643 8.032335303584357 True
109.0 27.55 22.25 -10.0 76.0 5.5 11.99  zzz  8.55302488873532 3.4369751112646796 True
110.0 27.35 22.55 -9.9 78.0 6.8 6.79  zzz  9.262278074296452 -2.472278074296452 True
111.0 27.85 21.25 -11.5 74.0 7.0 3.96  zzz  8.194621232905495 -4.2346212329054955 False
112.0 27.45 21.45 -10.2 69.0 2.1 5.78  zzz  8.691582841903397 -2.911582841903397 True
113.0 28.35 21.85 -10.2 70.0 4.2 11.13  zzz  6.244493910975646 4.8855060890243545 True
114.0 28.35 23.75 -9.9 74.0 9.8 16.68  zzz  7.793955550313968 8.886044449686032 True
115.0 28.05 23.85 -9.0 75.0 8.6 14.72  zzz  7.813608895384171 6.90639110461583 True
116.0 28.15 24.75 -8.9 78.0 9.7 12.04  zzz  8.221534382417511 3.818465617582488 True
117.0 27.25 22.35 -8.3 68.0 7.9 9.47  zzz  8.300618401499765 1.1693815985002356 True
118.0 26.95 21.35 -11.0 80.0 8.3 6.95  zzz  10.135264404058068 -3.185264404058068 True
119.0 26.45 21.55 -10.1 77.0 10.0 6.45  zzz  11.148595629693466 -4.6985956296934654 True
120.0 27.15 20.65 -11.3 70.0 5.4 6.04  zzz  9.771008629277631 -3.731008629277631 True
121.0 27.55 20.15 -11.6 69.0 5.4 11.99  zzz  8.328130913515137 3.661869086484863 True
122.0 27.85 21.65 -11.3 73.0 8.2 8.41  zzz  8.504123466918001 -0.09412346691800089 True
123.0 27.95 22.45 -10.6 78.0 10.7 8.51  zzz  7.976501616862735 0.5334983831372648 True
124.0 27.95 22.15 -10.7 75.0 5.0 7.95  zzz  8.024938008500158 -0.07493800850015742 True
125.0 27.45 21.25 -10.7 70.0 4.5 3.56  zzz  8.896713620277474 -5.336713620277473 False
126.0 27.65 21.35 -11.0 74.0 5.8 3.21  zzz  8.409588429338248 -5.199588429338248 False
127.0 27.25 21.95 -9.9 73.0 2.4 6.14  zzz  9.287739238675332 -3.1477392386753325 True
128.0 27.15 23.65 -9.0 85.0 8.5 10.48  zzz  9.676259325440592 0.8037406745594087 True
129.0 26.45 22.05 -9.4 81.0 6.7 12.56  zzz  10.730578397055671 1.829421602944329 True
130.0 26.15 20.75 -9.2 74.0 5.9 10.59  zzz  10.434446645690416 0.15555335430958372 True
131.0 26.35 18.35 -11.1 61.0 6.4 9.68  zzz  9.981379022153225 -0.30137902215322576 True
132.0 26.15 18.65 -11.0 63.0 3.8 10.59  zzz  10.74315430565835 -0.15315430565835086 True
133.0 26.15 18.35 -11.2 65.0 3.7 8.93  zzz  10.464642482226477 -1.5346424822264773 True
134.0 26.15 16.95 -12.5 60.0 5.5 5.04  zzz  10.56815037238648 -5.52815037238648 False
135.0 26.25 18.85 -12.0 71.0 4.9 10.14  zzz  11.164915414967806 -1.024915414967806 True
136.0 25.45 19.55 -10.2 69.0 3.0 11.01  zzz  12.701933180595212 -1.6919331805952122 True
137.0 26.15 19.95 -10.4 73.0 2.0 8.93  zzz  10.924704564246078 -1.994704564246078 True
138.0 26.45 20.65 -10.3 74.0 2.1 13.67  zzz  10.628178347970952 3.041821652029048 True
139.0 27.05 21.35 -10.1 72.0 2.5 16.49  zzz  9.495431204023964 6.9945687959760345 True
140.0 26.85 22.55 -9.3 78.0 2.7 12.41  zzz  10.22875121070441 2.1812487892955907 True
141.0 26.45 21.55 -8.4 71.0 1.9 19.23  zzz  9.835954179203654 9.394045820796347 True
142.0 26.65 22.75 -8.2 71.0 1.9 13.87  zzz  10.406606989542052 3.4633930104579473 True
143.0 26.75 21.95 -9.1 74.0 5.9 17.31  zzz  9.86156531511372 7.448434684886278 True
144.0 24.05 14.85 -7.6 49.0 8.6 16.27  zzz  10.074301786432194 6.195698213567805 True
145.0 23.05 14.75 -8.4 50.0 9.8 16.94  zzz  13.872331366437779 3.0676686335622225 True
146.0 23.45 13.35 -9.2 46.0 9.7 17.34  zzz  12.1312511700754 5.2087488299246 True
147.0 23.05 13.75 -8.8 50.0 4.7 16.94  zzz  13.198079679552018 3.741920320447983 True
148.0 23.45 13.05 -8.7 46.0 5.5 17.89  zzz  11.288597839805872 6.601402160194128 True
149.0 24.85 15.45 -10.8 51.0 7.4 16.52  zzz  11.639304695391905 4.8806953046080945 True
150.0 25.25 19.05 -11.9 72.0 10.3 18.58  zzz  14.278389672526872 4.301610327473126 True
151.0 25.45 19.95 -11.5 77.0 10.7 17.67  zzz  13.911080806801182 3.7589191931988193 True
152.0 25.65 20.25 -10.8 69.0 7.5 11.76  zzz  13.495034349074691 -1.7350343490746916 True
153.0 25.75 22.55 -8.9 73.0 6.3 10.75  zzz  13.549248447876584 -2.7992484478765842 True
154.0 23.15 18.85 -5.5 53.0 7.7 13.71  zzz  15.042629833797214 -1.3326298337972133 True
155.0 22.05 12.95 -12.5 63.0 13.5 15.94  zzz  18.366282626632813 -2.4262826266328137 True
156.0 23.25 17.05 -10.8 77.0 16.5 19.92  zzz  16.538867993517556 3.3811320064824457 True
157.0 24.75 20.35 -8.9 85.0 15.6 17.53  zzz  13.095655472943392 4.434344527056609 True
158.0 25.65 20.15 -11.4 77.0 6.6 13.43  zzz  13.466755728642218 -0.03675572864221799 True
159.0 24.45 19.15 -9.2 70.0 9.0 10.56  zzz  14.117982268542892 -3.557982268542892 True
160.0 22.65 18.55 -7.5 90.0 14.4 15.98  zzz  15.677543181223708 0.3024568187762924 True
161.0 24.65 20.85 -8.8 87.0 11.2 20.21  zzz  13.804372558357041 6.4056274416429595 True
162.0 24.65 18.55 -9.5 70.0 9.3 11.87  zzz  13.107323011728159 -1.2373230117281597 True
163.0 24.25 18.75 -10.0 70.0 5.5 17.58  zzz  15.192406476087953 2.387593523912045 True
164.0 23.45 18.75 -9.1 77.0 5.5 23.45  zzz  16.211004949263494 7.238995050736506 True
165.0 17.45 12.15 -6.1 74.0 17.9 17.45  zzz  23.99385324785896 -6.543853247858962 True
166.0 21.35 15.15 -9.2 71.0 13.0 18.57  zzz  18.982679438719643 -0.41267943871964263 True
167.0 23.45 18.55 -10.0 80.0 11.9 14.01  zzz  16.65436495792475 -2.644364957924749 True
168.0 23.25 20.25 -7.5 75.0 11.5 13.81  zzz  16.92429756109737 -3.114297561097368 True
169.0 24.75 21.45 -8.6 74.0 3.8 12.53  zzz  15.017877269502069 -2.4878772695020697 True
170.0 24.25 20.55 -8.2 79.0 2.9 9.81  zzz  14.737458030491476 -4.927458030491476 True
171.0 23.55 19.55 -8.7 86.0 8.9 21.88  zzz  15.710027050765527 6.169972949234472 True
172.0 24.55 20.65 -9.2 81.0 6.4 23.44  zzz  14.815401478131202 8.6245985218688 True
173.0 24.65 20.95 -9.8 85.0 8.0 20.76  zzz  15.20050619307492 5.559493806925081 True
174.0 24.15 19.75 -9.0 78.0 10.5 18.04  zzz  14.949652885100948 3.0903471148990516 True
175.0 23.45 18.55 -9.4 70.0 5.3 21.78  zzz  16.80996691755121 4.97003308244879 True
176.0 19.25 15.15 -5.5 90.0 16.3 25.36  zzz  20.107951685411507 5.252048314588492 True
177.0 22.25 17.65 -7.6 84.0 13.8 28.36  zzz  16.418720367813076 11.941279632186923 True
178.0 24.45 21.95 -8.4 78.0 14.6 25.56  zzz  15.894869468613134 9.665130531386865 True
179.0 15.55 10.75 -3.4 67.0 11.3 14.44  zzz  25.941226891796056 -11.501226891796057 True
180.0 17.45 11.85 -6.4 68.0 9.8 22.45  zzz  24.509154516196812 -2.059154516196813 True
181.0 19.35 14.85 -9.6 84.0 13.5 22.13  zzz  24.384002279851615 -2.2540022798516155 True
182.0 20.95 16.15 -10.5 77.0 10.9 23.17  zzz  22.428241279742792 0.7417587202572093 True
183.0 20.85 16.45 -9.1 72.0 5.9 18.63  zzz  21.9959258978948 -3.365925897894801 True
184.0 19.55 14.45 -8.9 74.0 2.9 17.33  zzz  23.386364585039974 -6.056364585039976 True
185.0 21.35 18.35 -9.4 86.0 6.4 20.24  zzz  21.981576279873686 -1.7415762798736871 True
186.0 22.85 19.95 -8.7 77.0 4.9 20.07  zzz  19.07680636419266 0.9931936358073408 True
187.0 23.35 19.45 -9.7 76.0 8.1 13.91  zzz  18.041282801751944 -4.131282801751944 True
188.0 23.65 20.35 -9.1 74.0 7.1 21.98  zzz  17.66636572177761 4.313634278222391 True
189.0 23.55 18.45 -10.5 71.0 6.9 27.44  zzz  17.485162311284114 9.954837688715887 True
190.0 23.45 19.25 -9.8 71.0 7.8 29.56  zzz  17.966016426856893 11.593983573143106 True
191.0 23.55 19.45 -9.9 70.0 7.7 26.88  zzz  18.071273953608628 8.80872604639137 True
192.0 22.95 19.75 -8.4 71.0 2.5 27.39  zzz  18.6655994299404 8.7244005700596 True
193.0 23.55 19.05 -9.7 75.0 4.6 29.11  zzz  17.062519517678275 12.047480482321724 True
194.0 19.35 9.25 -5.4 46.0 12.0 28.24  zzz  15.959308806761323 12.280691193238676 True
195.0 21.65 17.05 -9.8 83.0 10.8 30.54  zzz  20.102507787414016 10.437492212585983 True
196.0 23.55 21.15 -8.3 81.0 10.7 27.99  zzz  17.496906570294133 10.493093429705866 True
197.0 20.25 15.85 -5.8 86.0 5.4 26.92  zzz  18.564442422544598 8.355557577455404 True
198.0 16.85 7.55 -3.3 39.0 6.7 24.63  zzz  20.068839860706653 4.561160139293346 True
199.0 18.55 10.05 -5.0 39.0 3.9 27.99  zzz  19.585578071241386 8.404421928758612 True
200.0 18.25 8.65 -5.8 32.0 8.7 22.69  zzz  20.186965321509156 2.5030346784908453 True
201.0 21.05 14.75 -8.7 56.0 9.1 25.49  zzz  20.039377930960246 5.450622069039753 True
202.0 23.15 19.15 -9.7 79.0 9.8 21.48  zzz  18.0745439416624 3.405456058337599 True
203.0 23.55 20.05 -7.1 71.0 13.7 22.99  zzz  15.571497636061391 7.418502363938607 True
204.0 23.55 20.35 -8.7 76.0 9.0 23.55  zzz  17.373340541345026 6.176659458654974 True
205.0 23.15 20.65 -8.5 76.0 3.6 20.93  zzz  18.834295182678293 2.0957048173217068 True
206.0 17.55 4.45 -2.4 31.0 11.5 19.22  zzz  13.751556326958765 5.468443673041234 True
207.0 21.35 16.25 -9.7 85.0 8.4 31.35  zzz  19.877537012643653 11.472462987356348 True
208.0 21.65 15.55 -8.5 72.0 7.4 26.09  zzz  17.754614366739677 8.335385633260323 True
209.0 21.95 18.65 -8.6 85.0 9.8 25.28  zzz  19.61007398389503 5.66992601610497 True
210.0 23.45 19.75 -9.2 84.0 13.1 21.23  zzz  16.892154804034377 4.337845195965624 True
211.0 20.95 18.45 -4.7 84.0 5.9 15.39  zzz  18.376047992219764 -2.9860479922197634 True
212.0 20.25 14.35 -5.2 59.0 3.4 22.47  zzz  18.115277487036245 4.354722512963754 True
213.0 19.25 12.45 -5.5 59.0 10.0 25.92  zzz  19.244572573382968 6.675427426617034 True
214.0 22.35 19.75 -8.7 87.0 7.3 30.13  zzz  19.65316830949458 10.47683169050542 True
215.0 22.25 19.65 -8.4 84.0 14.2 32.81  zzz  19.644583664064353 13.16541633593565 True
216.0 11.95 6.25 2.3 49.0 12.7 23.06  zzz  26.96950272868387 -3.909502728683872 True
217.0 19.85 17.15 -7.5 76.0 4.8 32.07  zzz  23.93391095917256 8.13608904082744 True
218.0 21.85 18.75 -8.5 74.0 7.7 22.96  zzz  20.753711919112106 2.2062880808878944 True
219.0 12.45 4.65 1.0 47.0 16.2 14.12  zzz  25.032113906533276 -10.912113906533277 True
220.0 9.65 -1.25 1.8 37.0 8.3 29.09  zzz  26.797643298010343 2.2923567019896574 True
221.0 17.55 14.35 -5.5 91.0 11.3 36.99  zzz  24.48337727165055 12.506622728349452 True
222.0 21.05 19.45 -7.3 84.0 8.0 31.05  zzz  22.050136144701376 8.999863855298624 True
223.0 22.15 19.45 -7.3 75.0 8.8 29.37  zzz  19.24376884253051 10.12623115746949 True
224.0 21.85 19.55 -8.5 78.0 12.4 19.63  zzz  21.345345303933676 -1.7153453039336775 True
225.0 18.85 9.65 -4.5 35.0 4.6 17.18  zzz  17.9080366688304 -0.7280366688303985 True
226.0 21.95 19.45 -8.2 85.0 8.2 21.39  zzz  20.138699989667955 1.251300010332045 True
227.0 18.25 15.05 -3.3 62.0 5.2 12.69  zzz  22.8906234814184 -10.200623481418402 True
228.0 17.15 9.75 -11.2 69.0 7.7 16.04  zzz  28.164433817272442 -12.124433817272443 True
229.0 11.75 2.75 -5.4 47.0 7.4 15.64  zzz  32.0836048613452 -16.4436048613452 False
230.0 14.45 4.55 -8.0 47.0 4.8 17.23  zzz  28.62237960707272 -11.39237960707272 True
231.0 11.95 1.95 -3.9 38.0 5.6 15.28  zzz  29.550929563142237 -14.270929563142237 True
232.0 17.05 11.95 -10.4 78.0 8.8 24.27  zzz  29.535387060213115 -5.265387060213115 True
233.0 17.55 13.05 -6.1 58.0 6.6 20.88  zzz  26.04820757051548 -5.168207570515481 True
234.0 18.45 15.15 -9.4 85.0 15.4 27.89  zzz  27.240298278834263 0.6497017211657372 True
235.0 11.45 2.75 -1.1 41.0 5.8 25.89  zzz  28.786647295129356 -2.8966472951293554 True
236.0 14.55 2.05 -5.1 33.0 4.4 26.77  zzz  23.212639298178434 3.5573607018215654 True
237.0 12.85 3.05 -4.7 46.0 4.5 25.63  zzz  28.340256695124914 -2.710256695124915 True
238.0 16.25 12.05 -5.9 62.0 6.7 26.81  zzz  28.431930402439715 -1.621930402439716 True
239.0 18.95 14.95 -8.3 78.0 7.0 30.06  zzz  24.856707080569407 5.2032929194305915 True
240.0 19.15 16.85 -7.0 79.0 6.2 26.37  zzz  24.991556190343957 1.3784438096560443 True
241.0 19.75 17.05 -6.6 73.0 5.9 35.31  zzz  23.348918106407112 11.96108189359289 True
242.0 11.85 9.65 1.8 95.0 6.6 27.96  zzz  28.602103184629918 -0.6421031846299172 True
243.0 14.35 13.15 -0.5 91.0 4.0 24.35  zzz  27.73319932277248 -3.38319932277248 True
244.0 19.45 17.95 -6.5 89.0 4.2 24.45  zzz  24.10956491531011 0.34043508468989003 True
245.0 20.85 18.25 -7.9 66.0 6.3 21.96  zzz  23.236948437437736 -1.276948437437735 True
246.0 20.95 17.45 -8.6 65.0 6.4 20.39  zzz  22.81475075759204 -2.42475075759204 True
247.0 21.55 18.45 -8.2 69.0 2.0 27.11  zzz  21.449515616997225 5.660484383002775 True
248.0 22.65 18.85 -8.4 69.0 10.3 29.87  zzz  18.582916085918995 11.287083914081006 True
249.0 21.75 19.75 -7.1 81.0 4.8 27.31  zzz  20.253127555453812 7.056872444546187 True
250.0 19.95 16.85 -5.4 91.0 4.0 28.28  zzz  19.90507809263551 8.374921907364492 True
251.0 19.15 16.35 -4.1 83.0 2.0 28.59  zzz  21.00648037073777 7.583519629262231 True
252.0 16.95 14.75 -2.5 87.0 3.7 29.17  zzz  23.95227523158216 5.217724768417842 True
253.0 18.95 11.75 -7.5 57.0 4.7 27.84  zzz  21.755892208311824 6.084107791688176 True
254.0 19.25 14.55 -6.6 55.0 1.0 27.03  zzz  23.33070912717661 3.69929087282339 True
255.0 19.95 15.45 -5.9 46.0 1.1 27.73  zzz  22.084136798848952 5.645863201151048 True
256.0 22.05 17.75 -9.7 69.0 14.7 34.27  zzz  20.523505680263337 13.746494319736666 True
257.0 14.25 9.25 -4.7 61.0 11.0 21.47  zzz  30.098228114045273 -8.628228114045275 True
258.0 15.65 9.05 -4.5 50.0 5.5 21.21  zzz  26.127457509964653 -4.9174575099646525 True
259.0 14.85 6.65 -4.1 27.0 7.5 19.29  zzz  26.99799102218891 -7.70799102218891 True
260.0 17.35 6.85 -4.8 26.0 3.0 24.57  zzz  20.30129940369465 4.268700596305351 True
261.0 19.25 10.95 -7.8 28.0 3.4 27.58  zzz  22.309354978120588 5.27064502187941 True
262.0 20.75 13.05 -9.3 42.0 6.0 27.97  zzz  20.68006498728947 7.289935012710529 True
263.0 21.15 16.45 -7.7 54.0 5.8 20.59  zzz  20.828824136605505 -0.23882413660550483 True
264.0 22.95 18.95 -9.6 75.0 10.8 18.51  zzz  18.630939250723163 -0.12093925072316125 True
265.0 22.05 19.55 -8.7 75.0 4.6 20.38  zzz  21.258622848853655 -0.8786228488536558 True
266.0 22.25 19.55 -8.0 72.0 2.9 22.25  zzz  20.10797345467567 2.142026545324331 True
267.0 22.45 19.45 -7.2 59.0 4.2 21.89  zzz  19.411144541668797 2.4788554583312035 True
268.0 22.05 19.25 -7.4 74.0 3.9 25.38  zzz  19.568267284113766 5.811732715886233 True
269.0 21.05 15.65 -7.4 58.0 3.4 26.61  zzz  19.615123179879276 6.994876820120723 True
270.0 21.85 19.25 -8.7 83.0 13.0 27.96  zzz  20.841035516296817 7.118964483703184 True
271.0 15.65 11.05 -3.8 76.0 5.6 26.21  zzz  25.845851334013062 0.3641486659869386 True
272.0 17.85 8.35 -5.7 37.0 4.4 31.74  zzz  20.674006312658666 11.065993687341333 True
273.0 19.65 10.95 -7.5 39.0 4.6 28.54  zzz  19.919954818727884 8.620045181272115 True
274.0 21.45 15.25 -9.8 58.0 5.3 27.56  zzz  20.483275090090668 7.076724909909331 True
275.0 21.05 17.45 -7.3 59.0 7.7 32.16  zzz  21.49870779488707 10.661292205112925 True
276.0 20.75 16.95 -7.8 74.0 1.9 31.31  zzz  21.39022011342573 9.919779886574268 True
277.0 22.25 18.35 -9.0 73.0 3.3 29.47  zzz  19.706190544237685 9.763809455762313 True
278.0 21.55 19.05 -7.0 74.0 10.9 29.88  zzz  20.367571162184426 9.512428837815573 True
279.0 16.45 11.75 -4.7 74.0 10.4 22.01  zzz  25.227487908901075 -3.2174879089010737 True
280.0 18.05 10.75 -5.0 46.0 5.0 13.61  zzz  21.457170087237447 -7.847170087237448 True
281.0 20.05 14.55 -5.6 54.0 3.1 22.27  zzz  19.778447367970077 2.491552632029922 True
282.0 19.55 13.55 -4.1 47.0 2.7 19.55  zzz  19.038900578920728 0.5110994210792725 True
283.0 21.45 17.05 -6.1 58.0 7.1 13.67  zzz  18.545543392802156 -4.875543392802156 True
284.0 21.75 18.95 -7.3 75.0 11.6 14.53  zzz  19.869041263050388 -5.3390412630503885 True
285.0 16.45 4.95 -4.1 35.0 9.0 27.01  zzz  19.38554360816762 7.624456391832382 True
286.0 20.35 13.55 -10.4 65.0 8.6 26.46  zzz  22.02841653658739 4.431583463412611 True
287.0 21.05 15.35 -9.2 61.0 6.3 12.72  zzz  20.969467419706003 -8.249467419706003 True
288.0 22.45 18.55 -6.4 64.0 13.0 22.45  zzz  16.99797249711593 5.452027502884068 True
289.0 23.65 19.75 -8.7 78.0 20.9 32.54  zzz  16.048110551804676 16.491889448195323 True
290.0 19.15 12.75 -4.0 52.0 2.8 21.93  zzz  18.87704598997656 3.0529540100234414 True
291.0 20.65 13.95 -6.3 50.0 3.4 17.32  zzz  18.24000752856319 -0.9200075285631897 True
292.0 20.75 16.75 -6.2 64.0 4.1 14.64  zzz  20.10059139725493 -5.46059139725493 True
293.0 22.85 18.35 -9.1 71.0 7.6 21.18  zzz  18.02268446756842 3.1573155324315785 True
294.0 21.35 16.95 -5.7 63.0 5.5 19.13  zzz  17.965354531519047 1.164645468480952 True
295.0 22.95 19.55 -7.9 85.0 9.6 21.28  zzz  16.77896369905594 4.501036300944062 True
296.0 20.95 17.35 -7.6 85.0 2.6 25.95  zzz  20.214662029175727 5.735337970824272 True
297.0 18.75 10.15 -5.9 42.0 16.0 20.97  zzz  19.679648704960368 1.2903512950396312 True
298.0 16.95 4.15 -6.3 35.0 7.9 21.39  zzz  19.29105744531601 2.0989425546839904 True
299.0 21.45 16.25 -9.0 67.0 10.6 23.12  zzz  20.069375243755992 3.0506247562440088 True
300.0 22.05 18.85 -9.1 83.0 10.5 18.72  zzz  20.21302671664148 -1.4930267166414808 True
301.0 22.95 20.25 -9.2 78.0 13.4 17.95  zzz  19.476271956036737 -1.5262719560367373 True
302.0 17.75 9.25 -2.3 26.0 8.2 17.19  zzz  19.081762581372086 -1.8917625813720846 True
303.0 21.25 10.65 -7.9 29.0 5.1 13.47  zzz  15.706537128138395 -2.2365371281383943 True
304.0 21.85 13.05 -9.1 35.0 6.5 12.41  zzz  17.51531790116901 -5.105317901169009 True
305.0 22.05 15.05 -8.4 45.0 7.9 16.49  zzz  17.743872367859527 -1.253872367859529 True
306.0 22.45 17.85 -7.0 56.0 9.0 12.45  zzz  17.457852600376995 -5.007852600376996 True
307.0 22.35 18.55 -6.9 49.0 2.4 17.91  zzz  19.08116625080536 -1.17116625080536 True
308.0 22.55 17.65 -7.3 53.0 1.9 18.66  zzz  17.54808860078643 1.1119113992135716 True
309.0 23.05 18.65 -6.8 47.0 2.8 15.83  zzz  17.03678246506321 -1.2067824650632115 True
310.0 24.65 20.15 -7.7 70.0 14.6 15.76  zzz  12.95924046079672 2.8007595392032805 True
311.0 20.85 16.85 -7.0 70.0 9.8 15.29  zzz  20.268550005412305 -4.9785500054123055 True
312.0 19.35 12.15 -9.4 62.0 8.9 6.02  zzz  22.630443492374837 -16.610443492374838 False
313.0 22.05 13.15 -11.1 60.0 7.6 9.83  zzz  17.37075735398675 -7.54075735398675 True
314.0 22.55 17.55 -10.0 79.0 6.3 6.99  zzz  18.44102124913702 -11.45102124913702 False
315.0 23.65 17.05 -11.1 69.0 9.4 6.43  zzz  16.286112792568144 -9.856112792568144 False
316.0 23.95 19.05 -10.5 79.0 8.9 6.73  zzz  16.336186162024475 -9.606186162024475 False
317.0 24.25 20.35 -8.2 62.0 4.3 2.03  zzz  15.708849877687861 -13.678849877687862 False
318.0 22.15 19.05 -5.5 83.0 10.3 14.37  zzz  16.21131302706145 -1.8413130270614513 True
319.0 23.15 17.15 -9.3 74.0 10.7 23.71  zzz  15.628136810417677 8.081863189582323 True
320.0 24.25 20.55 -8.7 84.0 12.6 20.92  zzz  14.791639605905427 6.128360394094575 True
321.0 23.45 20.75 -8.1 75.0 12.4 7.89  zzz  17.530024714200838 -9.640024714200838 False
322.0 20.35 15.85 -7.2 82.0 9.9 9.79  zzz  20.006388097555394 -10.216388097555395 False
323.0 20.45 15.85 -7.8 76.0 6.2 9.34  zzz  20.83032147225588 -11.490321472255879 False
324.0 21.55 16.75 -7.6 73.0 5.8 0.99  zzz  18.450552092692547 -17.46055209269255 False
325.0 21.45 16.85 -4.7 67.0 3.4 -1.33  zzz  16.183194682217433 -17.51319468221743 False
326.0 21.95 16.75 -5.6 56.0 2.2 14.73  zzz  16.290788794844588 -1.560788794844587 True
327.0 22.85 18.15 -6.0 54.0 3.0 12.85  zzz  15.693203239928286 -2.843203239928286 True
328.0 23.25 17.95 -5.9 51.0 3.9 13.25  zzz  14.29989091924315 -1.0498909192431505 True
329.0 24.75 18.65 -7.6 49.0 2.4 15.31  zzz  12.446975713621564 2.8630242863784368 True
330.0 25.45 19.85 -8.1 53.0 3.8 17.67  zzz  11.908108610999275 5.761891389000727 True
331.0 25.35 21.35 -7.6 57.0 7.4 15.35  zzz  13.107775209299545 2.2422247907004547 True
332.0 26.05 21.85 -7.9 57.0 9.2 14.38  zzz  11.808347289686589 2.571652710313412 True
333.0 26.55 21.85 -9.5 62.0 6.4 6.55  zzz  11.665042986753832 -5.115042986753832 True
334.0 26.15 21.85 -8.7 64.0 4.0 13.93  zzz  11.933046811697185 1.9969531883028147 True
335.0 25.65 20.95 -9.4 69.0 7.9 15.65  zzz  12.78793464630713 2.86206535369287 True
336.0 22.45 18.25 -6.7 79.0 6.3 11.89  zzz  15.979823232122515 -4.089823232122514 True
337.0 24.45 15.45 -10.6 46.0 7.8 11.12  zzz  13.028983823770163 -1.9089838237701642 True
338.0 25.25 15.85 -9.8 44.0 5.1 13.58  zzz  10.303372855529693 3.2766271444703072 True
339.0 25.45 17.35 -9.1 49.0 5.3 13.23  zzz  10.319066289532676 2.910933710467324 True
340.0 26.05 18.85 -9.7 58.0 9.8 12.72  zzz  10.153858029566148 2.5661419704338524 True
341.0 26.65 19.25 -9.6 49.0 10.5 14.98  zzz  9.277238610962817 5.7027613890371835 True
342.0 26.55 20.05 -9.1 58.0 9.4 -2.34  zzz  9.354087037458557 -11.694087037458557 False
343.0 25.85 21.65 -8.8 64.0 5.9 4.74  zzz  12.720154858291364 -7.980154858291364 False
344.0 26.55 20.15 -9.7 65.0 7.7 7.11  zzz  9.64456177297467 -2.53456177297467 True
345.0 26.95 20.35 -10.8 69.0 10.0 3.06  zzz  9.508277775473177 -6.448277775473176 False
346.0 26.95 21.35 -11.3 74.0 11.0 9.17  zzz  10.858903790614418 -1.6889037906144182 True
347.0 26.55 22.05 -10.4 73.0 10.6 5.99  zzz  12.032753626791996 -6.0427536267919955 False
348.0 25.05 21.55 -7.3 80.0 7.0 13.38  zzz  12.30238067346198 1.07761932653802 True
349.0 23.85 11.65 -10.4 36.0 10.9 13.85  zzz  10.887966851138131 2.9620331488618685 True
350.0 25.25 15.95 -11.8 52.0 11.5 14.69  zzz  11.939848246165491 2.7501517538345084 True
351.0 25.85 17.75 -11.5 59.0 11.4 15.29  zzz  11.352843344897623 3.937156655102376 True
352.0 26.55 17.65 -12.2 56.0 12.2 8.77  zzz  10.012031024398345 -1.2420310243983455 True
353.0 26.25 18.25 -12.3 65.0 9.2 7.92  zzz  11.159439418343483 -3.2394394183434834 True
354.0 26.05 17.85 -9.8 57.0 8.7 6.61  zzz  9.170602167593815 -2.5606021675938146 True
355.0 26.15 19.05 -7.6 54.0 3.4 -1.07  zzz  8.160430554877687 -9.230430554877687 False
356.0 26.65 20.45 -6.9 50.0 3.8 6.65  zzz  7.76514998000445 -1.1151499800044498 True
357.0 27.35 20.25 -7.6 51.0 3.4 9.02  zzz  6.034075767744194 2.9859242322558055 True
358.0 27.85 21.45 -9.4 63.0 4.6 4.52  zzz  6.965345540422543 -2.4453455404225437 True
359.0 27.25 21.15 -10.7 69.0 5.4 0.58  zzz  9.46509903712077 -8.88509903712077 False
360.0 27.05 20.65 -10.7 68.0 5.0 -0.73  zzz  9.579279916066033 -10.309279916066034 False
361.0 27.15 21.65 -9.9 70.0 5.4 6.04  zzz  9.42307973626 -3.38307973626 True
362.0 27.35 21.45 -10.0 71.0 4.2 9.57  zzz  8.614036885224332 0.9559631147756686 True
363.0 27.05 21.85 -9.6 71.0 3.7 5.38  zzz  9.595602416995732 -4.215602416995732 True
mean rms  -0.10218106792985748 6.124614138637182
Untrained forecasts:
364.0 27.45 21.65 -10.6 74.0 5.0 3.01  zzz  8.964111028207112 -5.954111028207112 False
365.0 27.65 22.25 -11.0 76.0 10.7 4.32  zzz  9.260703629865633 -4.940703629865633 False
366.0 26.05 21.45 -8.6 83.0 11.2 -0.62  zzz  10.198090654432917 -10.818090654432917 False
367.0 26.15 19.45 -11.4 79.0 6.6 6.71  zzz  10.931237024632246 -4.221237024632246 True
368.0 26.95 19.55 -10.3 67.0 4.7 4.17  zzz  8.235045771071738 -4.065045771071738 True
369.0 27.55 20.55 -9.7 68.0 2.4 9.77  zzz  6.839727757125327 2.930272242874673 True
370.0 27.95 21.15 -9.4 66.0 2.8 6.84  zzz  6.106276541497619 0.7337234585023813 True
371.0 27.95 21.05 -9.2 65.0 2.4 2.95  zzz  5.847686423022555 -2.897686423022555 True
372.0 28.05 21.95 -9.4 68.0 1.7 3.05  zzz  6.6071118753482985 -3.5571118753482986 True
373.0 28.15 22.35 -9.4 70.0 4.8 5.37  zzz  6.579673045995343 -1.209673045995343 True
374.0 28.65 22.35 -10.4 67.0 4.7 3.09  zzz  6.3224784192433745 -3.2324784192433746 True
375.0 28.25 22.55 -10.0 72.0 6.3 5.47  zzz  6.992443786085479 -1.5224437860854794 True
376.0 28.05 21.75 -10.4 73.0 6.2 4.72  zzz  7.040898624432179 -2.3208986244321794 True
377.0 28.15 21.25 -10.2 71.0 5.1 3.71  zzz  6.078992167313579 -2.3689921673135794 True
378.0 28.55 20.95 -9.6 60.0 2.7 13.55  zzz  4.643751106782365 8.906248893217636 False
379.0 28.75 22.55 -10.4 68.0 3.7 6.53  zzz  6.186522817142996 0.34347718285700424 True
380.0 27.95 22.35 -10.5 68.0 4.8 1.84  zzz  8.550180218982941 -6.710180218982941 False
381.0 28.15 21.55 -11.7 71.0 7.7 -0.74  zzz  8.034056348313337 -8.774056348313337 False
382.0 27.65 21.95 -10.6 73.0 7.0 -2.35  zzz  8.736773950616712 -11.086773950616712 False
383.0 28.15 21.65 -10.0 68.0 2.1 8.15  zzz  6.589303941306546 1.5606960586934546 True
384.0 27.85 21.65 -9.9 68.0 2.5 5.07  zzz  7.414296082068225 -2.344296082068225 True
385.0 27.65 22.55 -8.6 73.0 3.6 12.65  zzz  7.308403655342038 5.341596344657963 False
386.0 28.15 22.55 -8.5 73.0 4.1 3.71  zzz  5.6268081291397385 -1.9168081291397385 True
387.0 28.65 21.75 -9.2 65.0 4.0 3.09  zzz  4.459548899258905 -1.3695488992589055 True
388.0 29.25 22.35 -8.9 61.0 2.3 3.69  zzz  3.272315857323554 0.41768414267644616 True
389.0 29.35 22.45 -8.8 56.0 2.4 5.46  zzz  3.3272738638238777 2.1327261361761223 False
390.0 29.25 23.25 -9.2 59.0 2.8 6.47  zzz  4.798440316418359 1.6715596835816404 False
391.0 29.45 23.75 -10.5 70.0 1.9 5.01  zzz  5.398652720552722 -0.38865272055272193 True
392.0 30.15 23.85 -10.7 68.0 4.0 3.48  zzz  3.6586336839994145 -0.17863368399941448 True
393.0 30.45 23.45 -11.1 61.0 8.8 2.67  zzz  3.124024654740242 -0.454024654740242 True
394.0 29.95 23.25 -11.1 67.0 8.1 0.51  zzz  4.030629495617679 -3.520629495617679 False
395.0 29.95 23.35 -10.1 63.0 6.5 1.06  zzz  3.367736236892911 -2.307736236892911 True
396.0 29.65 23.35 -10.0 68.0 6.8 1.87  zzz  3.833456896474266 -1.9634568964742658 True
397.0 29.25 23.35 -9.7 70.0 6.6 5.92  zzz  4.617264532979654 1.3027354670203461 False
398.0 29.35 22.65 -9.3 72.0 4.4 8.79  zzz  2.9276488229964075 5.862351177003592 False
399.0 29.15 22.45 -10.1 72.0 2.5 6.37  zzz  4.216381455119525 2.1536185448804748 False
400.0 29.15 22.25 -10.4 75.0 2.2 4.71  zzz  4.095453740586469 0.6145462594135314 True
401.0 29.45 22.85 -10.1 72.0 2.1 3.89  zzz  3.754014885900341 0.1359851140996593 True
402.0 29.35 23.15 -9.9 76.0 1.6 1.57  zzz  3.9210203084372783 -2.3510203084372785 True
403.0 29.45 23.15 -9.8 68.0 2.3 5.56  zzz  4.066340937191428 1.4936590628085717 True
404.0 28.65 22.25 -9.7 73.0 2.8 6.43  zzz  5.0337919636889294 1.3962080363110703 True
405.0 29.35 22.55 -10.3 70.0 2.4 6.57  zzz  4.0717658602533815 2.498234139746619 True
406.0 29.45 23.35 -10.9 72.0 5.4 5.01  zzz  5.17190364926105 -0.16190364926104994 True
407.0 29.35 22.65 -10.3 73.0 4.6 2.13  zzz  3.943695065116711 -1.8136950651167112 False
408.0 29.75 23.05 -10.2 75.0 2.0 2.53  zzz  2.94446761471376 -0.41446761471376004 True
409.0 29.25 23.95 -10.1 79.0 7.0 6.47  zzz  5.106678073352933 1.3633219266470666 True
410.0 29.25 23.65 -9.9 76.0 6.8 10.36  zzz  4.753785842674161 5.606214157325838 False
411.0 29.25 23.05 -9.9 75.0 5.2 10.92  zzz  4.139889154544844 6.780110845455156 False
412.0 29.15 21.65 -9.0 55.0 3.3 5.82  zzz  3.2883361135520235 2.531663886447977 True
413.0 30.05 23.15 -10.4 62.0 5.7 7.27  zzz  3.22888156765972 4.04111843234028 False
414.0 30.05 23.45 -10.2 65.0 4.6 8.38  zzz  3.162935834972382 5.217064165027619 False
415.0 29.85 23.65 -10.9 68.0 4.8 4.85  zzz  4.56964198799158 0.2803580120084197 True
416.0 29.45 22.65 -9.8 68.0 2.0 1.12  zzz  3.4807412187225295 -2.3607412187225294 False
417.0 29.65 23.15 -10.3 74.0 1.4 -0.91  zzz  3.5648410044221497 -4.474841004422149 True
418.0 29.75 23.45 -10.3 74.0 3.7 8.64  zzz  3.5744952434363313 5.065504756563669 True
419.0 30.05 23.35 -10.3 75.0 2.2 8.38  zzz  2.465179079100977 5.9148209208990234 False
420.0 29.55 23.45 -9.5 73.0 2.4 5.66  zzz  3.4177458276768387 2.2422541723231615 True
421.0 29.65 23.45 -9.3 74.0 4.6 4.09  zzz  2.7846665542398092 1.3053334457601906 True
422.0 29.75 23.75 -8.8 72.0 7.8 13.08  zzz  2.381015928084949 10.698984071915051 True
423.0 29.95 24.65 -9.9 77.0 8.9 13.84  zzz  3.640575004191435 10.199424995808565 False
424.0 29.65 22.25 -10.6 69.0 4.8 11.87  zzz  3.145577923701129 8.72442207629887 False
425.0 29.05 21.25 -9.9 68.0 3.3 9.61  zzz  3.1739489947522364 6.436051005247763 True
426.0 28.85 22.05 -9.8 69.0 2.0 3.85  zzz  4.579980432453309 -0.7299804324533086 True
427.0 29.85 23.55 -10.7 71.0 2.2 3.74  zzz  4.052185158326413 -0.3121851583264128 True
428.0 29.85 24.15 -10.5 71.0 3.5 11.52  zzz  4.524072983490408 6.995927016509592 False
429.0 29.65 23.65 -10.0 74.0 2.9 3.54  zzz  3.8070210803592404 -0.2670210803592403 True
430.0 29.75 23.55 -9.6 74.0 2.9 6.97  zzz  2.939592656728973 4.030407343271026 True
431.0 29.35 23.65 -10.1 75.0 1.7 8.79  zzz  4.799609772828184 3.9903902271718152 True
432.0 29.35 23.35 -9.5 72.0 2.9 6.02  zzz  3.9915181263605457 2.028481873639454 False
433.0 29.65 23.05 -9.9 72.0 1.4 5.21  zzz  3.1548149797610487 2.055185020238951 True
434.0 30.05 23.15 -10.2 70.0 3.4 7.27  zzz  2.4646943509436463 4.805305649056353 False
435.0 29.85 22.55 -9.5 62.0 4.0 4.85  zzz  2.188741205256645 2.661258794743355 True
436.0 29.65 22.85 -9.5 64.0 6.1 3.54  zzz  2.996306959473833 0.5436930405261671 True
437.0 29.95 23.15 -11.1 73.0 5.9 10.51  zzz  3.5095875278015574 7.000412472198443 True
438.0 30.05 23.65 -10.2 74.0 5.0 11.16  zzz  2.744292142118864 8.415707857881136 True
439.0 29.95 23.55 -10.3 76.0 4.6 7.73  zzz  2.90974521798311 4.820254782016891 True
440.0 29.95 23.55 -10.3 76.0 4.6 10.51  zzz  2.90974521798311 7.60025478201689 False
441.0 29.65 23.15 -9.7 74.0 4.1 7.98  zzz  2.8739615579782356 5.106038442021765 False
442.0 29.75 23.35 -9.6 69.0 1.4 4.19  zzz  3.084555713331263 1.1054442866687375 True
443.0 30.05 23.25 -9.2 65.0 2.1 6.16  zzz  1.8698845711666583 4.290115428833342 False
444.0 29.75 22.65 -8.9 62.0 2.4 5.31  zzz  1.986853832879953 3.3231461671200466 False
445.0 30.35 23.15 -9.8 62.0 2.1 10.35  zzz  1.6833801552632788 8.66661984473672 False
446.0 30.85 23.25 -11.4 64.0 3.4 4.18  zzz  1.8191592104204404 2.3608407895795596 False
447.0 30.85 23.25 -11.5 66.0 4.0 4.74  zzz  1.7759179393405118 2.9640820606594884 False
448.0 30.95 23.95 -11.6 66.0 4.3 6.51  zzz  2.3933048237729677 4.116695176227032 False
449.0 30.65 24.05 -11.7 66.0 5.8 6.21  zzz  3.5395836801170977 2.6704163198829023 True
450.0 29.75 23.85 -11.1 77.0 12.6 5.86  zzz  4.582668764077218 1.277331235922782 True
451.0 30.25 22.75 -12.5 70.0 10.9 3.03  zzz  3.7746538196784285 -0.7446538196784287 True
452.0 29.65 21.85 -11.5 66.0 4.7 7.43  zzz  3.8733606522978716 3.556639347702128 False
453.0 29.65 23.65 -10.6 70.0 4.8 6.32  zzz  4.724445946950808 1.5955540530491925 False
454.0 29.95 24.35 -10.3 71.0 3.9 8.28  zzz  4.223214270602986 4.0567857293970135 False
455.0 29.75 24.15 -10.1 70.0 5.2 6.42  zzz  4.450112164962312 1.9698878350376878 False
456.0 30.05 23.45 -11.7 70.0 6.0 2.27  zzz  4.419758531943406 -2.1497585319434056 True
457.0 29.55 22.55 -11.3 71.0 4.9 1.22  zzz  4.430527295165369 -3.2105272951653694 True
458.0 29.55 22.05 -11.6 72.0 4.9 5.11  zzz  4.096022771998656 1.0139772280013446 True
459.0 29.05 22.05 -11.2 72.0 5.2 4.61  zzz  5.221412872835841 -0.6114128728358406 True
460.0 29.15 21.95 -10.5 72.0 1.7 3.04  zzz  4.073860668298581 -1.0338606682985807 True
461.0 29.35 22.85 -10.5 72.0 2.7 4.91  zzz  4.495435010800144 0.41456498919985574 True
462.0 29.05 22.75 -10.2 70.0 2.4 2.38  zzz  5.138000834795165 -2.7580008347951654 True
463.0 29.05 23.45 -10.5 75.0 3.3 7.94  zzz  5.918016977813269 2.021983022186731 True
464.0 29.05 22.05 -10.4 68.0 4.3 7.38  zzz  4.649337259594236 2.730662740405764 True
465.0 28.95 21.85 -11.4 71.0 3.7 7.28  zzz  5.609209151112491 1.670790848887509 True
466.0 28.75 22.45 -11.4 73.0 6.3 5.42  zzz  6.7638252309386555 -1.3438252309386556 True
467.0 28.65 23.05 -10.6 75.0 4.7 5.32  zzz  6.789157793081276 -1.4691577930812754 True
468.0 28.55 23.65 -10.1 79.0 9.5 14.66  zzz  6.911311962131743 7.748688037868257 True
469.0 28.35 22.65 -10.7 72.0 8.2 13.35  zzz  7.535233281358403 5.8147667186415966 True
470.0 28.95 22.65 -10.8 67.0 5.6 16.17  zzz  6.161021837420467 10.008978162579535 True
471.0 29.15 22.25 -10.8 64.0 2.7 13.59  zzz  5.318425511242363 8.271574488757636 True
472.0 28.45 21.75 -10.3 69.0 5.3 14.01  zzz  5.979806864296652 8.030193135703348 True
473.0 27.95 22.55 -9.8 77.0 6.8 10.73  zzz  7.346384672409773 3.3836153275902277 True
474.0 28.05 21.85 -10.8 73.0 3.6 10.27  zzz  7.6301866617121155 2.639813338287884 True
475.0 25.55 22.85 -8.8 87.0 9.8 11.11  zzz  13.363390099378417 -2.253390099378418 True
476.0 26.25 22.15 -9.0 77.0 7.9 10.14  zzz  11.310805196095165 -1.1708051960951646 True
477.0 27.25 22.05 -9.7 74.0 3.6 6.69  zzz  9.099210264122142 -2.409210264122142 True
478.0 27.25 21.95 -9.3 69.0 3.7 15.03  zzz  8.904208439985197 6.125791560014802 True
479.0 27.35 21.35 -10.3 75.0 1.6 12.35  zzz  8.56988807691538 3.78011192308462 True
480.0 27.95 22.65 -10.5 74.0 4.3 8.51  zzz  8.477955907224443 0.032044092775556976 True
481.0 27.65 23.85 -9.2 77.0 7.1 8.21  zzz  9.160355559555196 -0.9503555595551951 True
482.0 27.85 23.35 -9.9 75.0 5.2 8.41  zzz  8.877844738836146 -0.4678447388361455 True
483.0 27.85 23.35 -10.1 78.0 6.0 7.29  zzz  8.868872718844782 -1.5788727188447824 True
484.0 27.95 23.15 -10.0 76.0 2.6 6.84  zzz  8.40081109255491 -1.5608110925549106 True
485.0 27.95 23.15 -9.7 72.0 5.2 6.28  zzz  8.327031924894028 -2.0470319248940276 True
486.0 27.55 23.15 -9.2 82.0 6.1 4.77  zzz  8.30086384903987 -3.5308638490398696 True
487.0 27.25 23.05 -8.4 77.0 4.7 15.03  zzz  8.629182857395987 6.400817142604012 True
488.0 28.25 22.85 -9.9 73.0 3.4 11.03  zzz  7.204072634673021 3.8259273653269785 True
489.0 28.25 23.35 -9.3 72.0 4.3 8.25  zzz  7.199197676688233 1.0508023233117667 True
490.0 25.45 17.85 -8.2 53.0 9.1 10.45  zzz  9.58725923955391 0.8627407604460888 True
491.0 22.85 10.25 -6.9 35.0 6.2 16.18  zzz  8.685924240853025 7.494075759146975 False
492.0 26.45 17.85 -12.1 68.0 5.6 15.89  zzz  9.675355628743846 6.2146443712561545 True
493.0 26.05 20.25 -10.1 66.0 4.7 13.27  zzz  11.732888643331858 1.5371113566681416 True
494.0 27.35 21.75 -10.9 72.0 5.8 14.02  zzz  9.85592663647587 4.16407336352413 True
495.0 27.55 21.15 -11.3 65.0 8.4 14.77  zzz  9.428244623712258 5.341755376287741 True
496.0 27.75 22.05 -11.1 71.0 8.9 15.53  zzz  9.205638061872095 6.324361938127904 True
497.0 27.95 21.55 -11.3 68.0 8.0 17.39  zzz  8.436352015195828 8.953647984804173 False
498.0 27.75 21.45 -11.2 74.0 9.3 17.19  zzz  8.385398735565241 8.80460126443476 False
499.0 27.75 22.85 -10.4 80.0 10.6 14.97  zzz  8.71345053249828 6.256549467501721 True
500.0 27.35 23.55 -9.4 75.0 6.8 7.35  zzz  10.112497093294824 -2.762497093294824 True
501.0 25.45 17.95 -8.7 65.0 5.3 9.89  zzz  9.436310570754872 0.453689429245129 True
502.0 24.65 17.05 -8.4 57.0 7.5 8.54  zzz  11.100302009022078 -2.560302009022079 True
503.0 23.95 14.25 -7.0 46.0 3.5 7.84  zzz  9.310424719354458 -1.4704247193544582 True
504.0 24.15 14.75 -6.4 42.0 2.8 9.71  zzz  8.917157973089603 0.7928420269103977 True
505.0 25.85 16.45 -12.0 58.0 6.7 17.52  zzz  10.500630820926878 7.019369179073122 True
506.0 25.75 18.55 -11.1 67.0 2.5 15.19  zzz  11.715945939946284 3.4740540600537155 True
507.0 25.35 18.95 -10.0 73.0 1.4 11.46  zzz  11.822400744464723 -0.3624007444647219 True
508.0 26.05 17.55 -10.9 61.0 6.6 18.83  zzz  9.756554463739542 9.073445536260456 True
509.0 24.05 17.05 -8.4 64.0 12.0 14.61  zzz  12.413764815898775 2.1962351841012246 True
510.0 24.35 17.15 -10.4 66.0 11.0 13.79  zzz  13.643174007611687 0.14682599238831173 True
511.0 22.95 11.55 -8.4 40.0 6.7 9.06  zzz  11.174775991259919 -2.1147759912599184 True
512.0 23.15 10.25 -9.5 35.0 4.4 6.48  zzz  10.606944494954265 -4.126944494954264 True
513.0 24.55 14.45 -11.1 54.0 7.1 12.33  zzz  11.514418528039078 0.8155814719609218 True
514.0 25.35 18.15 -12.0 69.0 5.7 5.91  zzz  13.291289164971149 -7.3812891649711485 True
515.0 25.75 18.85 -11.1 70.0 1.8 11.31  zzz  11.862785990092254 -0.5527859900922536 True
516.0 24.75 19.05 -10.3 72.0 4.6 15.86  zzz  14.175547012927867 1.6844529870721328 True
517.0 21.65 13.55 -8.5 52.0 9.7 12.21  zzz  16.807553083322272 -4.597553083322271 True
518.0 15.95 7.85 -11.1 61.0 14.2 13.17  zzz  30.062029653982496 -16.892029653982497 False
519.0 16.55 4.85 -3.2 31.0 7.9 14.33  zzz  18.275992009226528 -3.9459920092265275 True
520.0 20.45 14.35 -9.0 68.0 11.1 14.34  zzz  20.881437640830285 -6.541437640830285 True
521.0 22.05 16.45 -11.3 77.0 11.0 8.72  zzz  20.208662844444238 -11.488662844444237 True
522.0 24.05 18.75 -11.5 78.0 8.7 12.94  zzz  16.834927520418844 -3.894927520418845 True
523.0 23.25 18.05 -10.0 73.0 5.2 13.25  zzz  17.286131067824975 -4.036131067824975 True
524.0 21.15 13.75 -7.7 63.0 2.2 13.37  zzz  17.0441379590307 -3.6741379590307 True
525.0 19.65 15.95 -6.3 85.0 7.0 15.21  zzz  21.157308883043104 -5.947308883043103 True
526.0 19.35 14.55 -6.7 76.0 5.3 13.79  zzz  21.554134914526248 -7.764134914526249 True
527.0 20.55 16.25 -7.2 73.0 8.7 14.44  zzz  20.517063173282803 -6.077063173282804 True
528.0 21.15 14.55 -4.7 48.0 8.9 8.93  zzz  15.706596130778115 -6.776596130778115 True
529.0 21.25 11.35 -5.2 27.0 6.6 11.81  zzz  13.710748460586714 -1.9007484605867138 True
530.0 21.55 11.95 -7.0 34.0 3.6 19.33  zzz  14.977941075036718 4.352058924963281 True
531.0 17.65 12.15 -2.9 73.0 5.4 17.65  zzz  20.11724407429434 -2.4672440742943422 True
532.0 21.05 15.65 -7.6 75.0 5.3 20.49  zzz  18.581606270233568 1.9083937297664306 True
533.0 23.15 19.65 -9.1 76.0 8.7 23.15  zzz  18.24085067353583 4.909149326464167 True
534.0 22.95 21.45 -7.0 87.0 8.2 22.95  zzz  17.912425057236433 5.037574942763566 True
535.0 12.75 1.45 0.6 25.0 11.7 17.19  zzz  22.402621157829387 -5.2126211578293855 True
536.0 15.45 10.05 -4.3 54.0 6.7 22.67  zzz  27.410219634781743 -4.740219634781742 True
537.0 18.05 10.55 -5.4 57.0 9.2 19.16  zzz  20.807737161711955 -1.6477371617119552 True
538.0 19.95 13.55 -6.7 64.0 14.9 25.51  zzz  19.23212296471719 6.277877035282813 True
539.0 22.75 20.35 -8.0 90.0 14.8 26.64  zzz  18.02713641021175 8.612863589788251 True
540.0 23.05 21.55 -6.5 80.0 12.3 15.27  zzz  17.62141619664141 -2.3514161966414093 True
541.0 23.35 21.65 -6.0 73.0 8.4 13.35  zzz  16.811834736228587 -3.461834736228587 True
542.0 23.95 21.75 -8.4 79.0 11.4 19.51  zzz  17.19576052263356 2.314239477366442 True
543.0 15.45 8.65 -1.8 33.0 12.3 14.89  zzz  24.47124976390661 -9.581249763906609 True
544.0 15.75 8.15 -3.9 43.0 12.9 14.64  zzz  24.50364078215101 -9.863640782151009 True
545.0 14.65 7.65 -3.6 53.0 9.1 15.21  zzz  26.36138718093707 -11.151387180937068 True
546.0 19.25 13.25 -7.7 63.0 8.7 22.03  zzz  22.316908497221576 -0.2869084972215745 True
547.0 20.05 15.45 -8.8 68.0 11.1 11.72  zzz  23.21309318507675 -11.49309318507675 True
548.0 21.95 18.25 -9.9 80.0 10.3 10.28  zzz  20.910368999734775 -10.630368999734776 True
549.0 21.85 18.35 -10.0 80.0 10.1 24.63  zzz  21.453231867274656 3.1767681327253428 True
550.0 22.15 17.95 -10.3 79.0 10.5 21.04  zzz  20.436050363954607 0.6039496360453924 True
551.0 22.15 18.45 -9.6 81.0 11.3 20.48  zzz  20.1070648731088 0.3729351268911998 True
552.0 22.65 19.25 -9.3 83.0 9.6 23.21  zzz  19.036101059457575 4.173898940542426 True
553.0 22.15 18.65 -8.6 78.0 3.4 17.71  zzz  19.574819339012215 -1.8648193390122145 True
554.0 19.75 16.05 -7.7 84.0 6.4 18.64  zzz  22.569494356504688 -3.929494356504687 True
555.0 19.55 16.75 -8.3 89.0 6.4 18.99  zzz  24.315200217300255 -5.325200217300257 True
556.0 15.25 9.65 -6.2 52.0 12.0 10.25  zzz  29.710329378199443 -19.460329378199443 True
557.0 15.05 8.25 -4.5 54.0 4.0 12.27  zzz  26.79467065767302 -14.52467065767302 True
558.0 15.45 9.65 -3.8 60.0 5.1 17.67  zzz  25.98188175461119 -8.31188175461119 True
559.0 15.55 5.75 -5.3 32.0 5.7 12.77  zzz  24.717212164953157 -11.947212164953157 True
560.0 16.15 5.25 -8.5 34.0 5.2 14.48  zzz  25.60189053164989 -11.121890531649889 True
561.0 16.25 6.55 -6.0 29.0 2.5 9.58  zzz  24.49162044658653 -14.91162044658653 True
562.0 16.85 8.65 -5.9 36.0 2.5 6.85  zzz  24.475225417441795 -17.625225417441797 True
563.0 18.35 12.05 -5.8 44.0 3.8 11.68  zzz  23.083867004778703 -11.403867004778704 True
564.0 18.55 13.95 -4.8 62.0 4.2 10.22  zzz  22.303712580465117 -12.083712580465116 True
565.0 16.95 10.75 -2.7 35.0 4.3 17.51  zzz  23.19567783176221 -5.685677831762209 True
566.0 18.65 10.95 -6.2 44.0 4.0 18.09  zzz  21.280845802598737 -3.190845802598737 True
567.0 19.95 16.05 -8.5 70.0 2.5 21.62  zzz  23.878127841110807 -2.258127841110806 True
568.0 21.25 18.85 -7.6 81.0 6.5 21.25  zzz  21.28008877715274 -0.030088777152741386 True
569.0 21.85 20.45 -5.9 79.0 7.7 21.29  zzz  19.56162466820061 1.7283753317993877 True
570.0 23.05 20.25 -7.1 70.0 12.5 20.83  zzz  17.461413465415312 3.3685865345846864 True
571.0 22.45 20.45 -7.9 89.0 13.3 13.56  zzz  19.067767856013294 -5.507767856013293 True
572.0 18.55 13.25 -4.6 71.0 2.8 11.88  zzz  20.629785407491152 -8.749785407491151 True
573.0 21.75 17.75 -7.6 90.0 4.3 18.42  zzz  17.797620537089024 0.6223794629109776 True
574.0 22.75 19.85 -7.6 79.0 5.3 16.08  zzz  17.922449688333774 -1.842449688333776 True
575.0 21.85 18.65 -6.1 64.0 7.2 12.41  zzz  18.745681972639023 -6.335681972639023 True
576.0 21.85 19.95 -7.0 81.0 5.2 20.74  zzz  20.061355174903234 0.6786448250967645 True
577.0 21.75 18.95 -6.9 87.0 4.1 23.97  zzz  18.66821628427356 5.30178371572644 True
578.0 20.55 18.05 -6.0 88.0 4.5 25.55  zzz  20.305438407100592 5.244561592899409 True
mean rms  -0.1906868700598857 5.539381202250147
     1164.48 real      1160.15 user         3.13 sys
