        21        78
      5000     42.75     1.E04     1.E15
    20000.       0.5     0.001        75
      3600      3600     10800      3600
YES NO NOYES       0.
  0  0  0  0  0  0  0  0  0  0  0  0  0  0 10  3  3 10  0  0  0
  0  0  0  0  0  0  0  0  0  0  0  0  0 10  9  1  1  8 10  0  0
  0  0  0  0  0  0  0  0  0  0  0  0 10  9  1  1  1  1  4  0  0
  0  0  0  0  0  0  0  0  0  0  0 10  9  1  1  1  1  1  4  0  0
  0  0  0  0  0  0  0  0 10  3  3  9  1  1  1  1  1  1  8 10  0
  0  0  0  0  0  0  0  0  5  1  1  1  1  1  1  1  1  1  1  4  0
  0  0  0  0  0  0  0  0 10  6  1  1  1  1  1  1  1  1  1  4  0
  0  0  0  0  0  0  0 10  3  9  1  1  1  1  1  1  1  1  1  4  0
  0  0  0  0  0 10  3  9  1  1  7  6  1  1  1  1  1  1  7 10  0
  0  0  0 10  3  9  1  7  2  6  8  9  1  1  1  1  1  7 10  0  0
  0  0 10  9  1  1  1  8  3  9  1  1  1  1  1  1  1  4  0  0  0
  0  0  5  1  1  1  1  1  1  1  7  2  6  1  1  1  1  4  0  0  0
  0  0  5  1  1  1  1  1  1  1  8  3  9  1  1  1  1  4  0  0  0
  0  0  5  1  1  1  1  1  1  1  1  1  1  1  1  1  7 10  0  0  0
  0  0  5  1  1  1  1  1  1  1  1  1  1  1  1  1  4  0  0  0  0
  0  0  5  1  1  1  1  1  1  1  1  1  1  7  2  2 10  0  0  0  0
  0  0  5  1  1  1  1  1  1  1  1  1  1  8  3 10  0  0  0  0  0
  0  0  5  1  1  1  1  1  1  1  1  1  1  1  1  8 10  0  0  0  0
  0  0  5  1  1  1  1  1  1  1  1  1  1  1  1  1  4  0  0  0  0
  0 10  9  1  1  1  1  1  1  1  1  1  1  1  1  1  8 10  0  0  0
 10  9  1  1  1  1  1  1  1  1  1  1  1  1  1  1  1  4  0  0  0
  5  1  1  1  1  1  1  1  1  1  1  1  1  1  1  1  1  4  0  0  0
  5  1  1  1  1  1  1  1  1  1  1  1  1  1  1  1  1  4  0  0  0
  5  1  1  1  1  1  1  1  1  1  1  1  1  1  1  1  1  4  0  0  0
  5  1  1  1  1  1  1  1  1  1  1  1  1  1  1  1  1  4  0  0  0
  5  1  1  1  1  1  1  1  1  1  1  1  1  1  1  1  1  4  0  0  0
 10  6  1  1  1  1  1  1  1  1  1  1  1  1  1  1  7 10  0  0  0
  0  5  1  1  1  1  1  1  1  1  1  1  1  1  1  1  4  0  0  0  0
  0  5  1  1  1  1  1  1  1  1  1  1  1  1  1  1  8  3 10  0  0
  0 10  6  1  1  1  1  1  1  1  1  1  1  1  1  1  1  1  4  0  0
  0  0  5  1  1  1  1  1  1  1  1  1  1  1  1  1  1  1  4  0  0
  0  0  5  1  1  1  1  1  1  1  1  1  1  1  1  1  1  1  8 10  0
  0  0  5  1  1  1  1  1  1  1  1  1  1  1  1  1  1  1  1  4  0
  0  0  5  1  1  1  1  1  1  1  1  1  1  1  1  1  1  1  1  4  0
  0  0  5  1  1  1  1  1  1  1  1  1  1  1  1  1  1  1  1  8 10
  0  0  5  1  1  1  1  1  1  1  1  1  1  1  1  1  1  1  1  1  4
  0  0  5  1  1  1  1  1  1  1  1  1  1  1  1  1  1  1  1  1  4
  0  0  5  1  1  1  1  1  1  1  1  1  1  1  1  1  1  1  1  1  4
  0  0  5  1  1  1  1  1  1  1  1  1  1  1  1  1  1  1  1  1  4
  0  0  5  1  1  1  1  1  1  1  1  1  1  1  1  1  1  1  1  1  4
  0  0  5  1  1  1  1  1  1  1  1  1  1  1  1  1  1  1  1  1  4
  0  0  5  1  1  1  1  1  1  1  1  1  1  1  1  1  1  1  1  1  4
  0  0  5  1  1  1  1  1  1  1  1  1  1  1  1  1  1  1  1  7 10
  0  0  5  1  1  1  1  1  1  1  1  1  1  1  1  1  1  1  7 10  0
  0  0  5  1  1  1  1  1  1  1  1  1  1  1  1  1  1  1  4  0  0
  0  0  5  1  1  1  1  1  1  1  1  1  1  1  1  1  1  7 10  0  0
  0  0  5  1  1  1  1  1  1  1  1  1  1  1  1  1  1  4  0  0  0
  0  0  5  1  1  1  1  1  1  1  1  1  1  1  1  1  7 10  0  0  0
  0  0  5  1  1  1  1  1  1  1  1  1  1  1  1  7 10  0  0  0  0
  0  0  5  1  1  1  1  1  1  1  1  1  1  1  7 10  0  0  0  0  0
  0  0  5  1  1  1  1  1  1  1  1  1  1  1  4  0  0  0  0  0  0
  0  0 10  6  1  1  1  1  1  1  1  1  1  7 10  0  0  0  0  0  0
  0  0  0  5  1  1  1  1  1  1  1  1  1  4  0  0  0  0  0  0  0
  0  0  0  5  1  1  1  1  1  1  1  1  7 10  0  0  0  0  0  0  0
  0  0  0  5  1  1  1  1  1  1  1  7 10 10  3  3 10  0  0  0  0
  0  0  0  5  1  1  1  1  1  1  1  4 10  9  1  1  4  0  0  0  0
  0  0  0  5  1  1  1  1  1  1  1  4  5  1  1  1  4  0  0  0  0
  0  0  0  5  1  1  1  1  1  1  1  8  9  1  1  1  4  0  0  0  0
  0  0  0  5  1  1  1  1  1  1  1  1  1  1  1  1  4  0  0  0  0
  0  0  0 10  6  1  1  1  1  1  1  1  1  1  1  1  4  0  0  0  0
  0  0  0  0  5  1  1  1  1  1  1  1  1  1  1  7 10  0  0  0  0
  0  0  0  0  5  1  1  1  1  1  1  1  1  1  1  4  0  0  0  0  0
  0  0  0  0  5  1  1  1  1  1  1  1  1  1  1  4  0  0  0  0  0
  0  0  0  0  5  1  1  1  1  1  1  1  1  1  1  4  0  0  0  0  0
  0  0  0  0 10  6  1  1  1  1  1  1  1  1  1  4  0  0  0  0  0
  0  0  0  0  0  5  1  1  1  1  1  1  1  1  7 10  0  0  0  0  0
  0  0  0  0  0 10  6  1  1  1  1  1  1  1  4  0  0  0  0  0  0
  0  0  0  0  0  0  5  1  1  1  1  1  1  1  4  0  0  0  0  0  0
  0  0  0  0  0  0  5  1  1  1  1  1  1  7 10  0  0  0  0  0  0
  0  0  0  0  0  0  5  1  1  1  1  1  1  4  0  0  0  0  0  0  0
  0  0  0  0  0  0  5  1  1  1  1  1  1  4  0  0  0  0  0  0  0
  0  0  0  0  0  0 10  6  1  1  1  1  1  4  0  0  0  0  0  0  0
  0  0  0  0  0  0  0 10  6  1  1  1  7 10  0  0  0  0  0  0  0
  0  0  0  0  0  0  0  0  5  1  1  7 10  0  0  0  0  0  0  0  0
  0  0  0  0  0  0  0  0  5  1  1  4  0  0  0  0  0  0  0  0  0
  0  0  0  0  0  0  0  0  5  1  1  4  0  0  0  0  0  0  0  0  0
  0  0  0  0  0  0  0  0 10  6  1  4  0  0  0  0  0  0  0  0  0
  0  0  0  0  0  0  0  0  0 10  2 10  0  0  0  0  0  0  0  0  0
   0   0   0   0   0   0   0   0   0   0   0   0   0   0 111 122 133   0   0   0
   0   0   0   0   0   0   0   0   0   0   0   0   0 111 229 229 229 133   0   0
   0   0   0   0   0   0   0   0   0   0   0   0 111 229 229 229 229 235   0   0
   0   0   0   0   0   0   0   0   0   0   0 111 229 229 229 229 229 235   0   0
   0   0   0   0   0   0   0   0 111 122 122 229 229 229 229 229 229 229 133   0
   0   0   0   0   0   0   0   0 316 229 229 229 229 229 229 229 229 229 235   0
   0   0   0   0   0   0   0   0   0 214 229 229 229 229 229 229 229 229 235   0
   0   0   0   0   0   0   0 111 122 229 327 229 229 229 229 229 229 229 338   0
   0   0   0   0   0 111 122 327 327 235   0 214 229 229 229 229 229 338   0   0
   0   0   0 111 122 229 235   0   0 214 122 229 229 229 229 229 235   0   0   0
   0   0 111 229 229 229 229 122 122 229 327 327 229 229 229 229 235   0   0   0
   0   0 214 229 229 229 229 229 229 235   0   0 214 229 229 229 235   0   0   0
   0   0 214 229 229 229 229 229 229 229 122 122 229 229 229 229 338   0   0   0
   0   0 214 229 229 229 229 229 229 229 229 229 229 229 229 235   0   0   0   0
   0   0 214 229 229 229 229 229 229 229 229 229 229 327 327 338   0   0   0   0
   0   0 214 229 229 229 229 229 229 229 229 229 235   0   0   0   0   0   0   0
   0   0 214 229 229 229 229 229 229 229 229 229 229 122 133   0   0   0   0   0
   0   0 214 229 229 229 229 229 229 229 229 229 229 229 229 133   0   0   0   0
   0   0 214 229 229 229 229 229 229 229 229 229 229 229 229 235   0   0   0   0
   0 111 229 229 229 229 229 229 229 229 229 229 229 229 229 229 133   0   0   0
 111 229 229 229 229 229 229 229 229 229 229 229 229 229 229 229 235   0   0   0
 214 229 229 229 229 229 229 229 229 229 229 229 229 229 229 229 235   0   0   0
 214 229 229 229 229 229 229 229 229 229 229 229 229 229 229 229 235   0   0   0
 214 229 229 229 229 229 229 229 229 229 229 229 229 229 229 229 235   0   0   0
 214 229 229 229 229 229 229 229 229 229 229 229 229 229 229 229 235   0   0   0
 316 229 229 229 229 229 229 229 229 229 229 229 229 229 229 229 338   0   0   0
   0 214 229 229 229 229 229 229 229 229 229 229 229 229 229 235   0   0   0   0
   0 214 229 229 229 229 229 229 229 229 229 229 229 229 229 235   0   0   0   0
   0 316 229 229 229 229 229 229 229 229 229 229 229 229 229 229 122 133   0   0
   0   0 214 229 229 229 229 229 229 229 229 229 229 229 229 229 229 235   0   0
   0   0 214 229 229 229 229 229 229 229 229 229 229 229 229 229 229 235   0   0
   0   0 214 229 229 229 229 229 229 229 229 229 229 229 229 229 229 229 133   0
   0   0 214 229 229 229 229 229 229 229 229 229 229 229 229 229 229 229 235   0
   0   0 214 229 229 229 229 229 229 229 229 229 229 229 229 229 229 229 235   0
   0   0 214 229 229 229 229 229 229 229 229 229 229 229 229 229 229 229 229 133
   0   0 214 229 229 229 229 229 229 229 229 229 229 229 229 229 229 229 229 235
   0   0 214 229 229 229 229 229 229 229 229 229 229 229 229 229 229 229 229 235
   0   0 214 229 229 229 229 229 229 229 229 229 229 229 229 229 229 229 229 235
   0   0 214 229 229 229 229 229 229 229 229 229 229 229 229 229 229 229 229 235
   0   0 214 229 229 229 229 229 229 229 229 229 229 229 229 229 229 229 229 235
   0   0 214 229 229 229 229 229 229 229 229 229 229 229 229 229 229 229 229 235
   0   0 214 229 229 229 229 229 229 229 229 229 229 229 229 229 229 229 229 338
   0   0 214 229 229 229 229 229 229 229 229 229 229 229 229 229 229 229 338   0
   0   0 214 229 229 229 229 229 229 229 229 229 229 229 229 229 229 235   0   0
   0   0 214 229 229 229 229 229 229 229 229 229 229 229 229 229 229 338   0   0
   0   0 214 229 229 229 229 229 229 229 229 229 229 229 229 229 235   0   0   0
   0   0 214 229 229 229 229 229 229 229 229 229 229 229 229 229 338   0   0   0
   0   0 214 229 229 229 229 229 229 229 229 229 229 229 229 338   0   0   0   0
   0   0 214 229 229 229 229 229 229 229 229 229 229 229 338   0   0   0   0   0
   0   0 214 229 229 229 229 229 229 229 229 229 229 235   0   0   0   0   0   0
   0   0 316 229 229 229 229 229 229 229 229 229 229 338   0   0   0   0   0   0
   0   0   0 214 229 229 229 229 229 229 229 229 235   0   0   0   0   0   0   0
   0   0   0 214 229 229 229 229 229 229 229 229 338   0   0   0   0   0   0   0
   0   0   0 214 229 229 229 229 229 229 229 338   0   0   0   0   0   0   0   0
   0   0   0 214 229 229 229 229 229 229 235   0   0 111 122 133   0   0   0   0
   0   0   0 214 229 229 229 229 229 229 235   0 111 229 229 235   0   0   0   0
   0   0   0 214 229 229 229 229 229 229 235   0 214 229 229 235   0   0   0   0
   0   0   0 214 229 229 229 229 229 229 229 122 229 229 229 235   0   0   0   0
   0   0   0 316 229 229 229 229 229 229 229 229 229 229 229 235   0   0   0   0
   0   0   0   0 214 229 229 229 229 229 229 229 229 229 229 338   0   0   0   0
   0   0   0   0 214 229 229 229 229 229 229 229 229 229 235   0   0   0   0   0
   0   0   0   0 214 229 229 229 229 229 229 229 229 229 235   0   0   0   0   0
   0   0   0   0 214 229 229 229 229 229 229 229 229 229 235   0   0   0   0   0
   0   0   0   0 316 229 229 229 229 229 229 229 229 229 235   0   0   0   0   0
   0   0   0   0   0 214 229 229 229 229 229 229 229 229 338   0   0   0   0   0
   0   0   0   0   0 316 229 229 229 229 229 229 229 235   0   0   0   0   0   0
   0   0   0   0   0   0 214 229 229 229 229 229 229 235   0   0   0   0   0   0
   0   0   0   0   0   0 214 229 229 229 229 229 229 338   0   0   0   0   0   0
   0   0   0   0   0   0 214 229 229 229 229 229 235   0   0   0   0   0   0   0
   0   0   0   0   0   0 214 229 229 229 229 229 235   0   0   0   0   0   0   0
   0   0   0   0   0   0 316 229 229 229 229 229 235   0   0   0   0   0   0   0
   0   0   0   0   0   0   0 316 229 229 229 229 338   0   0   0   0   0   0   0
   0   0   0   0   0   0   0   0 214 229 229 338   0   0   0   0   0   0   0   0
   0   0   0   0   0   0   0   0 214 229 235   0   0   0   0   0   0   0   0   0
   0   0   0   0   0   0   0   0 214 229 235   0   0   0   0   0   0   0   0   0
   0   0   0   0   0   0   0   0 316 229 235   0   0   0   0   0   0   0   0   0
   0   0   0   0   0   0   0   0   0 316 338   0   0   0   0   0   0   0   0   0
  .0  .0  .0  .0  .0  .0  .0  .0  .0  .0  .0  .0  .0  .0 .06 .06 .06  .0  .0  .0
  .0  .0  .0  .0  .0  .0  .0  .0  .0  .0  .0  .0  .0 0.3 0.7 0.7 0.7 .06  .0  .0
  .0  .0  .0  .0  .0  .0  .0  .0  .0  .0  .0  .0 0.3 0.3 0.7 0.7 .06 .06  .0  .0
  .0  .0  .0  .0  .0  .0  .0  .0  .0  .0  .0 0.3 0.3 0.3 0.7 0.7 .06 .06  .0  .0
  .0  .0  .0  .0  .0  .0  .0  .0 0.3 0.3 0.3 0.3 0.3 0.7 0.7 0.7 .06 .06 .06  .0
  .0  .0  .0  .0  .0  .0  .0  .0 0.3 0.3 0.3 0.3 0.3 0.7 0.7 0.7 0.7 .06 .06  .0
  .0  .0  .0  .0  .0  .0  .0  .0  .0 0.3 0.3 0.3 0.3 0.3 0.7 0.7 0.7 0.7 .06  .0
  .0  .0  .0  .0  .0  .0  .0 .06 .06 0.3 0.3 0.3 0.3 0.7 0.7 0.7 0.7 0.7 .06  .0
  .0  .0  .0  .0  .0 .06 .06 .06 .06 .06  .0 0.3 0.3 0.7 0.7 0.7 0.7 0.7  .0  .0
  .0  .0  .0 .06 .06 .06 .06  .0  .0 .06 .06 .06 .06 0.3 0.3 0.7 0.7  .0  .0  .0
  .0  .0 .06 .06 .06 .06 .06 .06 .06 .06 .06 .06 .06 0.3 0.3 0.3 0.3  .0  .0  .0
  .0  .0 .06 .06 .06 .06 .06 .06 .06 .06  .0  .0 0.3 0.3 0.3 0.3 0.3  .0  .0  .0
  .0  .0 .06 .06 .06 .06 .06 .06 .06 .06 0.3 0.3 0.3 0.3 0.3 0.3 0.3  .0  .0  .0
  .0  .0 .06 .06 .06 .06 .06 .06 .06 .06 .06 .06 .06 0.3 0.3 0.3  .0  .0  .0  .0
  .0  .0 .06 .06 .06 .06 .06 .06 0.3 0.3 0.3 .06 .06 0.3 0.3 0.3  .0  .0  .0  .0
  .0  .0 .06 .06 .06 .06 0.3 0.3 0.3 0.3 0.3 0.3 .06  .0  .0  .0  .0  .0  .0  .0
  .0  .0 .06 .06 .06 .06 0.3 0.3 0.3 0.3 0.3 .06 .06 .06 .06  .0  .0  .0  .0  .0
  .0  .0 .06 .06 .06 0.6 0.6 0.6 0.6 0.6 0.6 0.6 0.6 .06 .06 .06  .0  .0  .0  .0
  .0  .0 .06 .06 .06 0.6 0.6 0.6 0.6 0.6 0.6 0.6 .06 .06 .06 .06  .0  .0  .0  .0
  .0 .06 .06 .06 .06 0.3 0.6 0.6 0.6 0.6 0.6 0.6 0.6 .06 .06 .06 .06  .0  .0  .0
 .06 .06 0.3 0.6 0.6 0.6 0.6 0.6 0.6 0.6 0.6 0.6 0.6 0.6 .06 .06 .06  .0  .0  .0
 .06 .06 0.3 0.6 0.6 0.6 0.6 0.6 0.6 0.6 0.6 0.6 0.6 .06 .06 .06 .06  .0  .0  .0
 .06 0.3 0.6 0.6 0.6 0.6 0.6 0.6 0.6 0.6 0.6 0.6 0.6 .06 .06 .06 .06  .0  .0  .0
 .06 0.3 0.3 0.6 0.6 0.6 0.6 0.6 0.6 0.6 0.6 0.6 0.6 0.6 .06 .06 .06  .0  .0  .0
 .06 0.3 0.3 0.6 0.6 0.6 0.6 0.9 0.9 0.9 0.9 0.9 0.9 0.9 0.6 .06 .06  .0  .0  .0
 .06 0.3 0.3 0.6 0.6 0.9 0.9 0.9 0.9 0.9 0.9 0.9 0.9 0.9 0.9 0.9 0.6 0.6  .0  .0
  .0 0.3 0.3 0.6 0.6 0.6 0.9 0.9 0.9 0.9 0.9 0.9 0.9 0.9 0.9 0.6  .0  .0  .0  .0
  .0 0.3 0.3 0.6 0.6 0.6 0.9 0.9 0.9 0.9 0.9 0.9 0.9 0.9 0.9 0.6  .0  .0  .0  .0
  .0 0.3 0.3 0.6 0.6 0.9 0.9 0.9 0.9 0.9 0.9 0.9 0.9 0.9 0.9 0.9 0.6 0.6  .0  .0
  .0  .0 0.3 0.3 0.6 0.6 0.9 0.9 0.9 0.9 0.9 0.9 0.9 0.9 0.9 0.9 0.6 0.6  .0  .0
  .0  .0 0.3 0.3 0.6 0.6 0.9 0.9 0.9 0.9 0.9 0.9 0.9 0.9 0.9 0.9 0.6 0.6  .0  .0
  .0  .0 0.3 0.3 0.3 0.9 0.9 0.9 0.9 0.9 0.9 0.9 0.9 0.9 0.9 0.6 0.6 0.6 0.6  .0
  .0  .0 0.3 0.3 0.3 0.9 0.9 0.9 0.9 0.9 0.9 0.9 0.9 0.9 0.9 0.6 0.6 0.6 0.6  .0
  .0  .0 0.3 0.3 0.9 0.9 0.9 0.9 0.9 0.9 0.9 0.9 0.9 0.9 0.9 0.6 0.6 0.6 0.6  .0
  .0  .0 0.3 0.3 0.9 0.9 0.9 0.9 0.9 0.9 0.9 0.9 0.9 0.9 0.9 0.9 0.9 0.6 0.6 0.6
  .0  .0 0.3 0.3 0.9 0.9 0.9 0.9 0.9 0.9 0.9 0.9 0.9 0.9 0.9 0.2 0.2 0.6 0.6 0.6
  .0  .0 0.3 0.9 0.9 0.9 0.9 0.9 0.9 0.9 0.9 0.9 0.9 0.9 0.2 0.2 0.2 0.2 0.2 0.2
  .0  .0 0.3 0.9 0.9 0.9 0.9 0.9 0.9 0.9 0.9 0.9 0.9 0.9 0.2 0.2 0.2 0.2 0.2 0.2
  .0  .0 0.3 0.9 0.9 0.9 0.9 0.9 0.9 0.9 0.9 0.9 0.9 0.2 0.2 0.2 0.2 0.2 0.2 0.2
  .0  .0 0.3 0.9 0.9 0.9 0.9 0.9 0.9 0.9 0.9 0.9 0.9 0.9 0.9 0.2 0.2 0.2 0.2 0.2
  .0  .0 0.3 0.9 0.9 0.9 0.9 0.9 0.9 0.9 0.9 0.9 0.9 0.9 0.9 0.2 0.2 0.2 0.2 0.2
  .0  .0 0.3 0.9 0.9 0.9 0.9 0.9 0.9 0.9 0.9 0.9 0.9 0.9 0.9 0.2 0.2 0.2 0.2 0.2
  .0  .0 0.3 0.9 0.9 0.9 0.9 0.9 0.9 0.9 0.9 0.9 0.9 0.9 0.9 0.2 0.2 0.2 0.2  .0
  .0  .0 0.3 0.9 0.9 0.9 0.9 0.9 0.9 0.9 0.9 0.9 0.9 0.9 0.9 0.9 0.2 0.2  .0  .0
  .0  .0 0.3 0.9 0.9 0.9 0.9 0.9 0.9 0.9 0.9 0.9 0.9 0.9 0.9 0.9 0.9 0.2  .0  .0
  .0  .0 0.3 0.9 0.9 0.9 0.9 0.9 0.9 0.9 0.9 0.9 0.9 0.9 0.9 0.9 0.9  .0  .0  .0
  .0  .0 0.3 0.9 0.9 0.9 0.9 0.9 0.9 0.9 0.9 0.9 0.9 0.9 0.9 0.2 0.2  .0  .0  .0
  .0  .0 0.3 0.9 0.9 0.9 0.9 0.9 0.9 0.9 0.9 0.9 0.9 0.9 0.9 0.2  .0  .0  .0  .0
  .0  .0 0.3 0.9 0.9 0.9 0.9 0.9 0.9 0.9 0.9 0.9 0.9 0.9 0.2  .0  .0  .0  .0  .0
  .0  .0 0.3 0.9 0.9 0.9 0.9 0.9 0.9 0.9 0.9 0.9 0.9 0.2  .0  .0  .0  .0  .0  .0
  .0  .0 0.3 0.9 0.9 0.9 0.9 0.9 0.9 0.9 0.9 0.9 0.2 0.2  .0  .0  .0  .0  .0  .0
  .0  .0  .0 0.9 0.9 0.9 0.9 0.9 0.9 0.9 0.9 0.9 0.2  .0  .0  .0  .0  .0  .0  .0
  .0  .0  .0 0.9 0.9 0.9 0.9 0.9 0.9 0.9 0.9 0.9 0.2  .0  .0  .0  .0  .0  .0  .0
  .0  .0  .0 0.3 0.9 0.9 0.9 0.9 0.9 0.9 0.9 0.9  .0  .0  .0  .0  .0  .0  .0  .0
  .0  .0  .0 0.3 0.9 0.9 0.9 0.9 0.9 0.9 0.9  .0  .0 .06 .06 .06  .0  .0  .0  .0
  .0  .0  .0 0.3 0.9 0.9 0.9 0.9 0.9 0.9 0.9  .0 0.9 0.9 .06 .06  .0  .0  .0  .0
  .0  .0  .0 0.3 0.9 0.9 0.9 0.9 0.9 0.9 0.9  .0 0.9 0.9 .06 .06  .0  .0  .0  .0
  .0  .0  .0 0.3 0.9 0.9 0.9 0.9 0.9 0.9 0.9 0.9 0.9 0.9 .06 .06  .0  .0  .0  .0
  .0  .0  .0 0.3 0.9 0.9 0.9 0.9 0.9 0.9 0.9 0.9 0.9 .06 .06 .06  .0  .0  .0  .0
  .0  .0  .0  .0 0.3 0.9 0.9 0.9 0.9 0.9 0.9 0.9 0.9 .06 .06 .06  .0  .0  .0  .0
  .0  .0  .0  .0 0.3 0.9 0.9 0.9 0.9 0.9 0.9 0.9 .06 .06 .06  .0  .0  .0  .0  .0
  .0  .0  .0  .0 0.3 0.9 0.9 0.9 0.9 0.9 0.9 0.9 0.9 .06 .06  .0  .0  .0  .0  .0
  .0  .0  .0  .0 0.3 0.9 0.9 0.9 0.9 0.9 0.9 0.9 0.9 0.9 0.9  .0  .0  .0  .0  .0
  .0  .0  .0  .0 0.3 0.9 0.9 0.9 0.9 0.9 0.9 0.9 0.9 0.9 0.9  .0  .0  .0  .0  .0
  .0  .0  .0  .0  .0 0.9 0.9 0.9 0.9 0.9 0.9 0.9 0.9 0.9 0.9  .0  .0  .0  .0  .0
  .0  .0  .0  .0  .0 0.9 0.9 0.9 0.9 0.9 0.9 0.9 0.9 0.9  .0  .0  .0  .0  .0  .0
  .0  .0  .0  .0  .0  .0 1.0 1.0 1.0 1.0 1.0 1.0 1.0 1.0  .0  .0  .0  .0  .0  .0
  .0  .0  .0  .0  .0  .0 1.0 1.0 1.0 1.0 1.0 1.0 1.0 1.0  .0  .0  .0  .0  .0  .0
  .0  .0  .0  .0  .0  .0 1.0 1.0 1.0 1.0 1.0 1.0 1.0  .0  .0  .0  .0  .0  .0  .0
  .0  .0  .0  .0  .0  .0 1.0 1.0 1.0 1.0 1.0 1.0 1.0  .0  .0  .0  .0  .0  .0  .0
  .0  .0  .0  .0  .0  .0 1.0 1.0 1.0 1.0 1.0 1.0 1.0  .0  .0  .0  .0  .0  .0  .0
  .0  .0  .0  .0  .0  .0  .0 1.0 1.0 1.0 1.0 1.0 1.0  .0  .0  .0  .0  .0  .0  .0
  .0  .0  .0  .0  .0  .0  .0  .0 1.0 1.0 1.0 1.0  .0  .0  .0  .0  .0  .0  .0  .0
  .0  .0  .0  .0  .0  .0  .0  .0 1.0 1.0 1.0  .0  .0  .0  .0  .0  .0  .0  .0  .0
  .0  .0  .0  .0  .0  .0  .0  .0 1.0 1.0 1.0  .0  .0  .0  .0  .0  .0  .0  .0  .0
  .0  .0  .0  .0  .0  .0  .0  .0 1.0 1.0 1.0  .0  .0  .0  .0  .0  .0  .0  .0  .0
  .0  .0  .0  .0  .0  .0  .0  .0  .0 1.0 1.0  .0  .0  .0  .0  .0  .0  .0  .0  .0
  .0  .0  .0  .0  .0  .0  .0  .0  .0  .0  .0  .0  .0  .0 .06 .06 .06  .0  .0  .0
  .0  .0  .0  .0  .0  .0  .0  .0  .0  .0  .0  .0  .0 .05 .16 .16 .16 .06  .0  .0
  .0  .0  .0  .0  .0  .0  .0  .0  .0  .0  .0  .0 .05 .05 .16 .16 .06 .06  .0  .0
  .0  .0  .0  .0  .0  .0  .0  .0  .0  .0  .0 .05 .05 .05 .16 .16 .06 .06  .0  .0
  .0  .0  .0  .0  .0  .0  .0  .0 .05 .05 .05 .05 .05 .16 .16 .16 .06 .06 .06  .0
  .0  .0  .0  .0  .0  .0  .0  .0 .05 .05 .05 .05 .05 .16 .16 .16 .16 .06 .06  .0
  .0  .0  .0  .0  .0  .0  .0  .0  .0 .05 .05 .05 .05 .05 .16 .16 .16 .16 .06  .0
  .0  .0  .0  .0  .0  .0  .0 .06 .06 .05 .05 .05 .05 .16 .16 .16 .16 .16 .06  .0
  .0  .0  .0  .0  .0 .06 .06 .06 .06 .06  .0 .05 .05 .16 .16 .16 .16 .16  .0  .0
  .0  .0  .0 .06 .06 .06 .06  .0  .0 .06 .06 .06 .06 .05 .05 .16 .16  .0  .0  .0
  .0  .0 .06 .06 .06 .06 .06 .06 .06 .06 .06 .06 .06 .05 .05 .05 .05  .0  .0  .0
  .0  .0 .06 .06 .06 .06 .06 .06 .06 .06  .0  .0 .05 .05 .05 .05 .05  .0  .0  .0
  .0  .0 .06 .06 .06 .06 .06 .06 .06 .06 .05 .05 .05 .05 .05 .05 .05  .0  .0  .0
  .0  .0 .06 .06 .06 .06 .06 .06 .06 .06 .06 .06 .06 .05 .05 .05  .0  .0  .0  .0
  .0  .0 .06 .06 .06 .06 .06 .06 .05 .05 .05 .06 .06 .05 .05 .05  .0  .0  .0  .0
  .0  .0 .06 .06 .06 .06 .05 .05 .05 .05 .05 .05 .06  .0  .0  .0  .0  .0  .0  .0
  .0  .0 .06 .06 .06 .06 .05 .05 .05 .05 .05 .06 .06 .06 .06  .0  .0  .0  .0  .0
  .0  .0 .06 .06 .06 .22 .22 .22 .22 .22 .22 .22 .22 .06 .06 .06  .0  .0  .0  .0
  .0  .0 .06 .06 .06 .22 .22 .22 .22 .22 .22 .22 .06 .06 .06 .06  .0  .0  .0  .0
  .0 .06 .06 .06 .06 .17 .22 .22 .22 .22 .22 .22 .22 .06 .06 .06 .06  .0  .0  .0
 .06 .06 .17 .22 .22 .22 .22 .22 .22 .22 .22 .22 .22 .22 .06 .06 .06  .0  .0  .0
 .06 .06 .17 .22 .22 .22 .22 .22 .22 .22 .22 .22 .22 .06 .06 .06 .06  .0  .0  .0
 .06 .17 .22 .22 .22 .22 .22 .22 .22 .22 .22 .22 .22 .06 .06 .06 .06  .0  .0  .0
 .06 .17 .17 .22 .22 .22 .22 .22 .22 .22 .22 .22 .22 .22 .06 .06 .06  .0  .0  .0
 .06 .17 .17 .22 .22 .22 .22 .24 .24 .24 .24 .24 .24 .24 .22 .06 .06  .0  .0  .0
 .06 .17 .17 .22 .22 .24 .24 .24 .24 .24 .24 .24 .24 .24 .24 .24 .22 .22  .0  .0
  .0 .17 .17 .22 .22 .22 .24 .24 .24 .24 .24 .24 .24 .24 .24 .22  .0  .0  .0  .0
  .0 .17 .17 .22 .22 .22 .24 .24 .24 .24 .24 .24 .24 .24 .24 .22  .0  .0  .0  .0
  .0 .17 .17 .22 .22 .24 .24 .24 .24 .24 .24 .24 .24 .24 .24 .24 .22 .22  .0  .0
  .0  .0 .17 .17 .22 .22 .24 .24 .24 .24 .24 .24 .24 .24 .24 .24 .22 .22  .0  .0
  .0  .0 .17 .17 .22 .22 .24 .24 .24 .24 .24 .24 .24 .24 .24 .24 .22 .22  .0  .0
  .0  .0 .17 .17 .17 .24 .24 .24 .24 .24 .24 .24 .24 .24 .24 .22 .22 .22 .22  .0
  .0  .0 .17 .17 .17 .24 .24 .24 .24 .24 .24 .24 .24 .24 .24 .22 .22 .22 .22  .0
  .0  .0 .17 .17 .24 .24 .24 .24 .24 .24 .24 .24 .24 .24 .24 .22 .22 .22 .22  .0
  .0  .0 .17 .17 .24 .24 .24 .24 .24 .24 .24 .24 .24 .24 .24 .24 .24 .22 .22 .22
  .0  .0 .17 .17 .24 .24 .24 .24 .24 .24 .24 .24 .24 .24 .24 .05 .05 .22 .22 .22
  .0  .0 .17 .24 .24 .24 .24 .24 .24 .24 .24 .24 .24 .24 .05 .05 .05 .05 .05 .05
  .0  .0 .17 .24 .24 .24 .24 .24 .24 .24 .24 .24 .24 .24 .05 .05 .05 .05 .05 .05
  .0  .0 .17 .24 .24 .24 .24 .24 .24 .24 .24 .24 .24 .05 .05 .05 .05 .05 .05 .05
  .0  .0 .17 .24 .24 .24 .24 .24 .24 .24 .24 .24 .24 .24 .24 .05 .05 .05 .05 .05
  .0  .0 .17 .24 .24 .24 .24 .24 .24 .24 .24 .24 .24 .24 .24 .05 .05 .05 .05 .05
  .0  .0 .17 .24 .24 .24 .24 .24 .24 .24 .24 .24 .24 .24 .24 .05 .05 .05 .05 .05
  .0  .0 .17 .24 .24 .24 .24 .24 .24 .24 .24 .24 .24 .24 .24 .05 .05 .05 .05  .0
  .0  .0 .17 .24 .24 .24 .24 .24 .24 .24 .24 .24 .24 .24 .24 .24 .05 .05  .0  .0
  .0  .0 .17 .24 .24 .24 .24 .24 .24 .24 .24 .24 .24 .24 .24 .24 .24 .05  .0  .0
  .0  .0 .17 .24 .24 .24 .24 .24 .24 .24 .24 .24 .24 .24 .24 .24 .24  .0  .0  .0
  .0  .0 .17 .24 .24 .24 .24 .24 .24 .24 .24 .24 .24 .24 .24 .05 .05  .0  .0  .0
  .0  .0 .17 .24 .24 .24 .24 .24 .24 .24 .24 .24 .24 .24 .24 .05  .0  .0  .0  .0
  .0  .0 .17 .24 .24 .24 .24 .24 .24 .24 .24 .24 .24 .24 .05  .0  .0  .0  .0  .0
  .0  .0 .17 .24 .24 .24 .24 .24 .24 .24 .24 .24 .24 .05  .0  .0  .0  .0  .0  .0
  .0  .0 .17 .24 .24 .24 .24 .24 .24 .24 .24 .24 .05 .05  .0  .0  .0  .0  .0  .0
  .0  .0  .0 .24 .24 .24 .24 .24 .24 .24 .24 .24 .05  .0  .0  .0  .0  .0  .0  .0
  .0  .0  .0 .24 .24 .24 .24 .24 .24 .24 .24 .24 .05  .0  .0  .0  .0  .0  .0  .0
  .0  .0  .0 .17 .24 .24 .24 .24 .24 .24 .24 .24  .0  .0  .0  .0  .0  .0  .0  .0
  .0  .0  .0 .17 .24 .24 .24 .24 .24 .24 .24  .0  .0 .06 .06 .06  .0  .0  .0  .0
  .0  .0  .0 .17 .24 .24 .24 .24 .24 .24 .24  .0 .24 .24 .06 .06  .0  .0  .0  .0
  .0  .0  .0 .17 .24 .24 .24 .24 .24 .24 .24  .0 .24 .24 .06 .06  .0  .0  .0  .0
  .0  .0  .0 .17 .24 .24 .24 .24 .24 .24 .24 .24 .24 .24 .06 .06  .0  .0  .0  .0
  .0  .0  .0 .17 .24 .24 .24 .24 .24 .24 .24 .24 .24 .06 .06 .06  .0  .0  .0  .0
  .0  .0  .0  .0 .17 .24 .24 .24 .24 .24 .24 .24 .24 .06 .06 .06  .0  .0  .0  .0
  .0  .0  .0  .0 .17 .24 .24 .24 .24 .24 .24 .24 .06 .06 .06  .0  .0  .0  .0  .0
  .0  .0  .0  .0 .17 .24 .24 .24 .24 .24 .24 .24 .24 .06 .06  .0  .0  .0  .0  .0
  .0  .0  .0  .0 .17 .24 .24 .24 .24 .24 .24 .24 .24 .24 .24  .0  .0  .0  .0  .0
  .0  .0  .0  .0 .17 .24 .24 .24 .24 .24 .24 .24 .24 .24 .24  .0  .0  .0  .0  .0
  .0  .0  .0  .0  .0 .24 .24 .24 .24 .24 .24 .24 .24 .24 .24  .0  .0  .0  .0  .0
  .0  .0  .0  .0  .0 .24 .24 .24 .24 .24 .24 .24 .24 .24  .0  .0  .0  .0  .0  .0
  .0  .0  .0  .0  .0  .0 .33 .33 .33 .33 .33 .33 .33 .33  .0  .0  .0  .0  .0  .0
  .0  .0  .0  .0  .0  .0 .33 .33 .33 .33 .33 .33 .33 .33  .0  .0  .0  .0  .0  .0
  .0  .0  .0  .0  .0  .0 .33 .33 .33 .33 .33 .33 .33  .0  .0  .0  .0  .0  .0  .0
  .0  .0  .0  .0  .0  .0 .33 .33 .33 .33 .33 .33 .33  .0  .0  .0  .0  .0  .0  .0
  .0  .0  .0  .0  .0  .0 .33 .33 .33 .33 .33 .33 .33  .0  .0  .0  .0  .0  .0  .0
  .0  .0  .0  .0  .0  .0  .0 .33 .33 .33 .33 .33 .33  .0  .0  .0  .0  .0  .0  .0
  .0  .0  .0  .0  .0  .0  .0  .0 .33 .33 .33 .33  .0  .0  .0  .0  .0  .0  .0  .0
  .0  .0  .0  .0  .0  .0  .0  .0 .33 .33 .33  .0  .0  .0  .0  .0  .0  .0  .0  .0
  .0  .0  .0  .0  .0  .0  .0  .0 .33 .33 .33  .0  .0  .0  .0  .0  .0  .0  .0  .0
  .0  .0  .0  .0  .0  .0  .0  .0 .33 .33 .33  .0  .0  .0  .0  .0  .0  .0  .0  .0
  .0  .0  .0  .0  .0  .0  .0  .0  .0 .33 .33  .0  .0  .0  .0  .0  .0  .0  .0  .0
14.  170. 68.  16.  160. 72.  20.  180. 73.
14.  150. 57.  19.  190. 67.  17.  180. 73.
13.  150. 56.  14.  130. 58.  16.  160. 65.
 9.  150. 53.  20.  140. 57.  19.  160. 61.
 9.  160. 52.  13.  150. 56.  23.  150. 58.
 6.  150. 49.   9.  130. 53.  16.  150. 59.
 7.  170. 50.  12.  170. 55.  14.  240. 35.
 8.  170. 50.   7.  160. 54.  11.  240. 34.
12.  210. 51.   8.  230. 52.  12.  220. 36.
12.  230. 44.  12.  230. 49.  14.  240. 36.
14.  220. 40.  12.  250. 47.  12.  220. 32.
14.  240. 34.  18.  220. 41.  14.  240. 32.
 9.  230. 31.  13.  250. 38.  22.  250. 36.
11.  240. 29.  10.  220. 35.  14.  230. 35.
11.  220. 28.  10.  250. 33.  14.  240. 35.
11.  250. 30.  11.  230. 34.  11.  240. 34.
12.  240. 31.   9.  230. 37.  12.  220. 36.
 8.  250. 30.  14.  220. 39.  14.  240. 36.
14.  290. 28.  12.  250. 35.  12.  220. 32.
13.  300. 24.  13.  230. 30.  14.  240. 32.
14.  300. 24.  14.  250. 27.  14.  230. 31.
13.  290. 23.  11.  280. 26.  14.  240. 30.
16.  310. 22.  14.  300. 25.  12.  240. 28.
12.  300. 25.  14.  290. 25.  15.  270. 25.
13.  270. 28.  16.  270. 28.  16.  270. 25.
12.  260. 29.   7.  300. 30.  20.  260. 24.
