      242.180      260.340      257.586      235.340      252.040      225.026      245.130
      223.616      241.332      240.182      218.240      233.740      209.947      227.650
      242.486      260.142      257.403      236.340      251.940      227.251      245.985
      224.024      241.233      240.182      219.340      234.040      211.925      228.695
      242.384      260.340      257.678      235.840      252.240      227.086      246.460
      223.820      241.332      240.274      218.840      234.040      211.760      228.885
      242.894      260.439      257.861      237.540      252.940      231.948      249.880
      224.432      241.629      240.640      221.040      235.140      217.034      232.780
      243.200      260.538      258.044      238.740      253.540      235.409      252.160
      225.044      241.827      240.915      222.740      236.040      220.742      235.440
      244.016      260.439      257.953      241.440      254.040      239.117      253.585
      226.370      242.322      241.648      226.540      237.840      227.498      240.285
