6 42  8 1 -4.000000 4.000000  8 1 -4.000000 4.000000  8 1 -4.000000 4.000000  8 1 -4.000000 4.000000  6 1 0.000000 1.000000  4 1 16.000000 20.000000 
0.240680 :  3.843750 1.375000 -0.843750 -0.750000 0.078125 16.750000 
0.240680 :  3.937500 1.375000 -0.843750 -0.718750 0.265625 16.250000 
0.238582 :  3.843750 1.375000 -0.843750 -0.812500 0.984375 18.250000 
0.237795 :  3.875000 1.937500 2.062500 3.281250 0.203125 19.250000 
0.237795 :  -0.031250 -0.968750 -3.875000 -2.906250 0.203125 16.500000 
0.237795 :  3.562500 2.312500 -1.906250 -0.843750 0.953125 18.500000 
0.237795 :  3.531250 1.968750 -1.906250 -0.812500 0.515625 18.500000 
0.237504 :  3.937500 3.281250 -3.937500 -0.812500 0.609375 18.250000 
0.237504 :  3.625000 3.406250 -3.968750 -0.718750 0.515625 17.500000 
0.237504 :  3.968750 3.843750 -2.968750 -0.562500 0.875000 19.250000 
0.000000 :  3.812500 3.312500 -3.937500 -0.687500 0.640625 17.500000 
0.237382 :  3.781250 3.281250 -2.312500 -0.875000 0.906250 18.250000 
0.237382 :  3.875000 2.812500 -1.687500 -0.812500 0.031250 19.750000 
0.237382 :  3.687500 3.093750 -2.375000 -0.750000 0.609375 17.750000 
0.237382 :  3.968750 3.156250 -2.562500 -0.968750 0.484375 17.000000 
0.000000 :  3.468750 3.781250 -3.687500 -0.812500 0.031250 19.750000 
0.236984 :  3.531250 2.343750 -1.218750 -0.812500 0.062500 19.750000 
0.236984 :  3.937500 2.625000 -1.468750 -0.937500 0.937500 17.250000 
0.236984 :  3.593750 2.093750 -1.281250 -0.968750 0.578125 16.750000 
0.236984 :  3.500000 2.281250 -1.250000 -0.843750 0.312500 17.250000 
0.236907 :  3.843750 1.812500 -3.750000 -0.531250 0.625000 17.750000 
0.236493 :  3.500000 1.437500 -0.843750 -0.812500 0.968750 18.250000 
0.236493 :  3.781250 3.281250 -2.062500 -0.875000 0.906250 18.250000 
0.236493 :  3.500000 3.531250 -2.093750 -0.937500 0.859375 18.250000 
0.236493 :  3.968750 3.812500 -2.906250 -0.812500 0.000000 19.000000 
0.236493 :  3.812500 3.312500 -2.093750 -0.812500 0.046875 16.250000 
0.235903 :  3.562500 2.750000 -3.906250 -0.812500 0.062500 17.000000 
0.221966 :  3.625000 2.093750 -1.468750 -1.187500 0.000000 17.500000 
0.221532 :  2.937500 3.375000 -3.562500 -1.468750 0.750000 19.250000 
0.212033 :  3.781250 2.718750 -4.000000 -1.593750 0.156250 17.000000 
0.211641 :  2.625000 1.906250 -2.781250 -2.406250 0.078125 16.250000 
0.211641 :  2.781250 2.406250 -3.625000 -2.218750 0.656250 16.500000 
0.211641 :  2.437500 2.531250 -3.656250 -2.312500 0.562500 19.500000 
0.210420 :  2.906250 1.593750 -1.843750 -1.781250 0.531250 16.000000 
0.210420 :  2.593750 1.843750 -3.000000 -1.718750 0.640625 17.000000 
0.210420 :  2.937500 1.906250 -2.218750 -1.531250 0.031250 18.000000 
0.209687 :  3.812500 1.750000 -1.968750 -1.812500 0.812500 18.500000 
0.209687 :  2.812500 1.593750 -3.750000 -1.562500 0.031250 16.000000 
0.208810 :  2.281250 1.312500 -2.343750 -1.937500 0.000000 16.000000 
0.207732 :  3.468750 1.843750 -3.156250 -1.875000 0.593750 17.750000 
0.207732 :  3.375000 1.718750 -2.218750 -2.000000 0.031250 19.500000 
0.207582 :  2.156250 1.375000 -3.562500 -2.781250 0.031250 16.750000 
0.203990 :  2.281250 1.312500 -2.093750 -1.937500 0.000000 16.000000 
0.202724 :  3.812500 1.875000 -0.843750 -0.812500 0.000000 18.000000 
0.202724 :  3.593750 1.968750 -0.906250 -0.812500 0.578125 18.500000 
0.202106 :  3.218750 2.343750 -3.875000 -2.875000 0.953125 16.500000 
0.202106 :  2.906250 1.875000 -3.968750 -3.312500 0.093750 17.750000 
0.202106 :  3.375000 2.531250 -3.687500 -2.500000 0.500000 19.500000 
0.202029 :  3.125000 2.031250 -1.125000 -1.062500 0.656250 17.000000 
0.202029 :  3.843750 3.625000 -1.500000 -0.937500 0.687500 18.500000 
0.202007 :  3.906250 1.437500 -3.562500 -2.968750 0.750000 18.250000 
0.202007 :  3.843750 1.500000 -3.875000 -2.687500 0.765625 16.250000 
0.202007 :  3.750000 1.437500 -3.656250 -2.718750 0.937500 18.500000 
0.201678 :  2.468750 1.062500 -2.000000 -2.156250 0.187500 16.750000 
0.201176 :  3.687500 1.781250 -3.968750 -3.281250 0.218750 19.500000 
0.199117 :  3.281250 3.593750 -0.718750 -0.937500 0.546875 19.750000 
0.198425 :  3.812500 1.312500 -0.593750 -0.812500 0.015625 19.500000 
0.197705 :  2.968750 0.531250 -3.625000 -2.468750 0.968750 17.750000 
0.196385 :  2.906250 0.406250 -3.625000 -2.218750 0.718750 18.000000 
0.196146 :  3.968750 0.500000 -3.875000 -2.375000 0.453125 16.500000 
0.196100 :  3.468750 1.062500 -2.187500 -1.531250 0.031250 18.500000 
0.194530 :  2.968750 0.000000 -2.250000 -1.062500 0.625000 18.250000 
0.194462 :  3.843750 1.312500 -3.750000 -2.906250 0.718750 17.250000 
0.194462 :  3.937500 1.406250 -3.687500 -2.781250 0.531250 17.250000 
0.194037 :  3.968750 1.375000 -2.906250 -0.718750 0.515625 19.250000 
0.193327 :  2.718750 3.593750 -2.906250 -1.468750 0.875000 19.500000 
0.193149 :  3.906250 0.312500 -3.187500 -0.343750 0.281250 19.000000 
0.191878 :  3.375000 0.125000 -0.781250 -0.718750 0.078125 16.750000 
0.191033 :  2.656250 1.062500 -2.593750 -1.437500 0.609375 18.750000 
0.190871 :  2.437500 0.687500 -2.093750 -1.687500 0.078125 16.250000 
0.190528 :  2.843750 0.281250 -0.875000 -0.437500 0.156250 19.000000 
0.188881 :  3.812500 1.687500 -2.781250 0.750000 0.296875 19.500000 
0.188719 :  3.968750 0.093750 -2.656250 -0.500000 0.187500 17.000000 
0.187992 :  2.093750 0.468750 -3.812500 0.187500 0.515625 17.250000 
0.187910 :  2.812500 1.000000 -2.531250 -0.500000 0.578125 18.750000 
0.187458 :  3.562500 0.937500 -3.687500 -1.812500 0.921875 16.750000 
0.187071 :  2.625000 1.156250 -3.906250 -1.937500 0.000000 16.750000 
0.186890 :  2.406250 1.500000 -1.562500 -1.781250 0.875000 18.250000 
0.186830 :  3.312500 0.781250 -2.781250 -2.812500 0.875000 18.750000 
0.186793 :  3.312500 0.875000 -1.906250 -1.250000 0.437500 19.500000 
0.186550 :  2.531250 2.656250 -3.812500 -2.718750 0.671875 16.000000 
0.186550 :  1.750000 2.281250 -3.468750 -3.531250 0.437500 17.500000 
0.186550 :  2.437500 2.562500 -3.406250 -2.656250 0.750000 19.750000 
0.186550 :  2.843750 3.156250 -2.343750 -1.937500 0.937500 16.250000 
0.186368 :  1.656250 0.000000 -3.906250 -1.687500 0.000000 18.750000 
0.186283 :  2.656250 1.750000 -2.781250 -2.687500 0.750000 19.750000 
0.186238 :  2.656250 1.781250 -2.250000 -2.562500 0.875000 19.250000 
0.185270 :  2.593750 0.656250 -2.468750 -1.718750 0.734375 18.000000 
0.185130 :  2.843750 2.718750 -2.000000 -2.281250 0.093750 19.250000 
0.185122 :  3.375000 1.062500 -3.687500 -2.500000 0.250000 19.500000 
0.000000 :  2.625000 1.031250 -3.656250 -2.500000 0.375000 19.500000 
0.185047 :  3.843750 0.781250 -3.218750 -2.187500 0.968750 17.750000 
0.184831 :  3.562500 2.375000 -1.187500 -1.843750 0.078125 19.750000 
0.184831 :  2.500000 1.500000 -1.500000 -2.218750 0.125000 16.500000 
0.184831 :  2.656250 1.875000 -1.750000 -2.531250 0.125000 17.750000 
0.184831 :  2.593750 1.562500 -1.593750 -1.968750 0.718750 19.500000 
0.184831 :  2.812500 1.562500 -1.093750 -1.812500 0.031250 16.500000 
0.184581 :  2.093750 0.562500 -1.187500 -1.125000 0.015625 17.250000 
0.184523 :  1.937500 0.343750 -3.500000 -2.375000 0.171875 18.000000 
0.000000 :  1.937500 0.343750 -3.500000 -2.375000 0.171875 19.500000 
0.184509 :  3.218750 1.937500 -0.625000 -1.406250 0.171875 18.750000 
0.184125 :  3.468750 3.843750 -2.437500 -1.843750 0.875000 19.000000 
0.184125 :  2.281250 3.843750 -2.968750 -2.656250 0.187500 16.500000 
0.184125 :  2.625000 3.843750 -2.968750 -2.031250 0.187500 19.500000 
0.184116 :  2.718750 2.843750 -0.500000 -2.562500 0.109375 19.250000 
0.184116 :  2.812500 3.781250 -0.875000 -2.531250 0.562500 19.500000 
0.184116 :  3.000000 2.531250 -0.312500 -1.718750 0.500000 18.500000 
0.184116 :  3.937500 2.906250 -0.218750 -1.437500 0.718750 16.250000 
0.000000 :  2.312500 3.468750 -1.000000 -2.656250 0.187500 16.250000 
0.184116 :  3.531250 1.968750 -0.593750 -1.750000 0.718750 19.000000 
0.000000 :  3.500000 3.531250 -0.312500 -1.718750 0.265625 19.000000 
0.183961 :  2.937500 1.562500 -1.531250 -1.968750 0.812500 17.250000 
0.183824 :  3.343750 3.718750 -1.437500 -1.562500 0.343750 18.250000 
0.183803 :  3.937500 1.375000 -0.843750 -1.718750 0.515625 17.500000 
0.183727 :  3.875000 0.968750 -3.156250 -0.718750 0.609375 17.250000 
0.183639 :  3.843750 1.031250 0.062500 -1.562500 0.328125 19.250000 
0.183639 :  2.125000 3.156250 -0.093750 -2.593750 0.234375 17.500000 
0.183542 :  3.218750 2.250000 0.156250 -1.562500 0.937500 17.500000 
0.183542 :  2.062500 2.625000 -1.437500 -2.500000 0.343750 19.500000 
0.183542 :  2.531250 2.031250 -0.906250 -1.968750 0.562500 18.000000 
0.183265 :  2.156250 1.250000 -0.343750 -3.000000 0.921875 17.250000 
0.183265 :  2.937500 2.437500 -0.156250 -2.156250 0.250000 19.500000 
0.183265 :  2.968750 2.843750 -0.218750 -1.937500 0.718750 16.250000 
0.183073 :  3.125000 1.343750 -1.687500 -2.750000 0.921875 18.250000 
0.182928 :  3.500000 2.375000 -2.375000 1.062500 0.703125 16.000000 
0.182894 :  3.750000 1.781250 0.375000 -1.562500 0.843750 17.500000 
0.182894 :  2.406250 1.906250 0.718750 -2.500000 0.140625 16.500000 
0.182701 :  3.812500 0.937500 -0.625000 -1.187500 0.328125 17.750000 
0.182380 :  2.875000 1.031250 -3.656250 -0.906250 0.562500 18.750000 
0.181849 :  3.031250 3.562500 -3.875000 1.562500 0.578125 19.750000 
0.181849 :  3.343750 3.437500 -3.687500 1.281250 0.937500 18.500000 
0.181786 :  2.500000 1.281250 -1.593750 -1.750000 0.828125 19.750000 
0.181376 :  3.781250 3.562500 -3.937500 -2.781250 0.593750 17.250000 
0.181237 :  3.843750 0.218750 -3.000000 -0.750000 0.484375 16.250000 
0.181094 :  3.531250 1.968750 -2.437500 -2.437500 0.984375 17.500000 
0.000000 :  3.750000 -3.062500 -1.937500 -0.812500 0.531250 19.750000 
0.000000 :  2.468750 -2.500000 0.343750 -3.531250 0.265625 17.750000 
0.000000 :  3.718750 3.593750 -1.593750 -1.968750 0.718750 19.500000 
0.000000 :  -3.125000 -0.125000 -3.843750 -2.843750 0.765625 19.750000 
0.000000 :  2.156250 -2.531250 1.781250 2.156250 0.406250 17.250000 
0.000000 :  0.437500 -3.187500 3.593750 3.125000 0.312500 17.250000 
0.000000 :  3.937500 2.625000 2.000000 3.281250 0.203125 19.250000 
0.000000 :  0.781250 -3.468750 2.968750 -1.062500 0.843750 16.000000 
0.000000 :  1.625000 1.593750 -2.156250 -3.875000 0.296875 16.000000 
0.000000 :  1.531250 -3.718750 0.000000 0.906250 0.812500 19.250000 
0.000000 :  3.843750 1.031250 0.062500 -1.812500 0.000000 17.000000 
0.000000 :  1.281250 -2.218750 -3.000000 1.093750 0.953125 16.750000 
0.000000 :  3.218750 2.250000 0.656250 -1.250000 0.718750 16.250000 
0.000000 :  2.593750 1.218750 0.406250 3.406250 0.140625 19.250000 
0.000000 :  -0.437500 1.312500 -3.500000 0.500000 0.171875 16.750000 
0.000000 :  2.625000 3.875000 -3.562500 1.656250 0.312500 16.750000 
0.000000 :  -2.437500 1.562500 2.593750 0.156250 0.765625 19.500000 
0.000000 :  2.718750 0.781250 -1.156250 -0.937500 0.234375 19.750000 
0.000000 :  1.312500 3.187500 1.812500 3.937500 0.500000 19.500000 
0.000000 :  3.093750 0.218750 -2.875000 -0.375000 0.687500 19.000000 
0.000000 :  2.593750 1.906250 0.718750 -2.093750 0.828125 16.000000 
0.000000 :  1.937500 -1.125000 -2.843750 -2.718750 0.015625 17.000000 
0.000000 :  0.750000 -3.062500 -0.843750 -1.843750 0.015625 19.500000 
0.000000 :  3.687500 1.687500 -2.343750 -1.437500 0.000000 16.000000 
0.000000 :  3.906250 0.218750 -0.937500 -0.750000 0.203125 16.250000 
0.000000 :  3.156250 -3.531250 3.531250 -2.656250 0.828125 16.250000 
0.000000 :  -1.468750 -1.468750 1.812500 -2.656250 0.109375 18.500000 
0.000000 :  -0.406250 2.281250 -3.125000 1.906250 0.296875 19.500000 
0.000000 :  2.312500 3.781250 1.125000 -2.156250 0.984375 18.750000 
0.000000 :  -2.593750 1.625000 2.375000 -3.031250 0.812500 18.250000 
0.000000 :  0.468750 1.500000 3.406250 0.437500 0.015625 17.500000 
0.000000 :  2.781250 -2.093750 1.312500 0.437500 0.421875 16.250000 
0.000000 :  0.531250 -3.718750 0.000000 3.093750 0.125000 17.500000 
0.000000 :  2.437500 3.250000 -1.687500 -3.156250 0.578125 16.750000 
0.000000 :  -0.187500 0.468750 -3.656250 2.218750 0.859375 17.750000 
0.000000 :  3.593750 2.156250 -1.593750 -2.687500 0.718750 16.750000 
0.000000 :  1.500000 -0.593750 1.781250 0.812500 0.000000 18.000000 
0.000000 :  -1.531250 2.406250 2.875000 1.343750 0.187500 18.000000 
0.000000 :  0.125000 -2.437500 2.750000 -1.906250 0.156250 16.500000 
0.000000 :  -2.218750 -1.031250 0.625000 -0.156250 0.343750 17.500000 
0.000000 :  -0.781250 2.468750 -3.437500 -3.593750 0.328125 16.250000 
0.000000 :  -2.218750 1.343750 -3.062500 -1.531250 0.046875 17.750000 
0.000000 :  -1.031250 2.187500 -3.062500 3.343750 0.406250 18.500000 
0.000000 :  2.281250 3.281250 -2.625000 1.687500 0.875000 19.000000 
0.000000 :  1.156250 -0.687500 2.062500 -2.937500 0.046875 18.500000 
0.000000 :  -3.937500 0.000000 -2.375000 0.562500 0.609375 18.250000 
0.000000 :  -0.562500 0.218750 -0.656250 3.250000 0.187500 17.250000 
0.000000 :  2.093750 0.875000 0.531250 -4.000000 0.296875 18.250000 
0.000000 :  -3.062500 1.906250 0.531250 0.500000 0.421875 16.250000 
0.000000 :  2.093750 -0.093750 0.687500 2.343750 0.953125 17.500000 
0.000000 :  -2.031250 -1.468750 -3.093750 3.343750 0.843750 16.500000 
0.000000 :  -1.156250 3.187500 3.406250 0.843750 0.421875 17.000000 
0.000000 :  2.875000 3.156250 -0.250000 -0.250000 0.531250 19.250000 
0.000000 :  3.062500 3.593750 0.125000 2.312500 0.296875 19.750000 
0.000000 :  0.281250 2.156250 -1.750000 -2.343750 0.421875 17.500000 
0.000000 :  -3.125000 -3.875000 0.750000 -1.343750 0.546875 19.500000 
0.000000 :  0.875000 -1.031250 2.468750 -0.093750 0.515625 17.500000 
0.000000 :  -3.812500 2.968750 -3.718750 0.281250 0.203125 18.000000 
0.000000 :  3.750000 -3.406250 -0.937500 -3.218750 0.406250 18.250000 
0.000000 :  3.781250 -1.000000 0.468750 3.968750 0.546875 19.000000 
0.000000 :  -1.843750 -2.031250 -0.468750 3.968750 0.968750 18.750000 
0.000000 :  1.718750 -2.343750 1.500000 0.093750 0.375000 16.500000 
0.000000 :  2.781250 -2.093750 -0.906250 -0.562500 0.640625 18.000000 
0.000000 :  2.812500 0.031250 2.625000 -3.531250 0.343750 17.500000 
0.000000 :  -3.500000 3.843750 0.718750 -1.375000 0.015625 17.250000 
0.000000 :  0.843750 2.906250 -1.656250 0.031250 0.765625 17.500000 
0.000000 :  3.437500 3.375000 3.250000 -1.968750 0.000000 18.500000 
0.000000 :  -1.625000 3.562500 -1.093750 3.062500 0.609375 17.750000 
0.000000 :  2.156250 -0.093750 0.468750 -3.062500 0.437500 16.000000 
0.000000 :  2.062500 -3.125000 -0.250000 -0.125000 0.375000 16.750000 
0.000000 :  -3.250000 0.187500 3.031250 -2.031250 0.937500 18.000000 
0.000000 :  0.500000 1.937500 2.750000 -1.250000 0.078125 16.250000 
0.000000 :  -0.593750 -1.843750 -2.625000 -2.312500 0.140625 16.000000 
0.000000 :  -2.687500 0.531250 -0.093750 2.156250 0.437500 19.750000 
0.000000 :  -3.843750 -2.406250 -1.437500 0.500000 0.234375 16.500000 
0.000000 :  -0.750000 -3.812500 -2.875000 -0.937500 0.046875 18.250000 
0.000000 :  2.468750 0.312500 -0.968750 -0.343750 0.421875 19.250000 
0.000000 :  -3.500000 -3.281250 -1.281250 3.906250 0.921875 18.750000 
0.000000 :  3.468750 -2.500000 0.687500 -0.250000 0.296875 17.750000 
0.000000 :  -0.187500 2.375000 -2.812500 3.687500 0.828125 18.500000 
0.000000 :  3.593750 -3.812500 -2.781250 -2.000000 0.781250 19.500000 
0.000000 :  -2.468750 1.468750 -1.625000 2.781250 0.437500 16.750000 
0.000000 :  -3.468750 0.156250 -1.656250 -2.281250 0.421875 19.250000 
0.000000 :  -0.781250 1.750000 -1.281250 0.906250 0.953125 16.000000 
0.000000 :  2.937500 -0.343750 -0.875000 -3.343750 0.359375 19.750000 
0.000000 :  -2.656250 2.312500 1.937500 2.312500 0.218750 18.500000 
0.000000 :  -0.093750 -3.968750 -3.750000 -3.843750 0.250000 16.500000 
0.000000 :  -1.156250 3.281250 3.437500 1.687500 0.171875 16.250000 
0.000000 :  0.000000 3.468750 -1.250000 2.187500 0.437500 16.250000 
0.000000 :  0.937500 2.781250 2.468750 -3.500000 0.984375 16.500000 
0.000000 :  -1.562500 -0.125000 0.531250 1.656250 0.890625 17.000000 
0.000000 :  2.656250 2.906250 -0.093750 -0.593750 0.781250 19.250000 
0.000000 :  -3.093750 -2.156250 -0.281250 1.781250 0.187500 17.250000 
0.000000 :  -3.968750 1.937500 1.937500 2.781250 0.000000 18.750000 
0.000000 :  -1.656250 -0.031250 -3.468750 -2.718750 0.093750 19.500000 
0.000000 :  -0.593750 -1.156250 2.375000 3.812500 0.156250 18.500000 
0.000000 :  -0.125000 2.937500 3.687500 -0.343750 0.515625 19.000000 
0.000000 :  2.812500 3.593750 2.375000 2.187500 0.062500 19.750000 
0.000000 :  1.781250 3.531250 -2.093750 3.531250 0.015625 19.250000 
0.000000 :  -2.656250 2.125000 0.562500 -3.781250 0.406250 19.250000 
0.000000 :  2.062500 -3.781250 -0.375000 2.343750 0.031250 16.000000 
0.000000 :  2.312500 1.000000 1.125000 2.000000 0.781250 17.500000 
0.000000 :  1.781250 -0.625000 -1.843750 -0.687500 0.312500 18.250000 
0.000000 :  -3.437500 0.812500 2.906250 -2.218750 0.640625 18.750000 
0.000000 :  3.187500 3.437500 -2.593750 -3.937500 0.296875 17.250000 
0.000000 :  -1.906250 1.750000 0.500000 3.437500 0.859375 17.250000 
0.000000 :  -0.875000 -3.500000 0.156250 -2.093750 0.937500 16.000000 
0.000000 :  -0.375000 1.468750 -3.937500 0.468750 0.468750 17.000000 
0.000000 :  -3.218750 1.531250 -3.750000 1.875000 0.718750 16.000000 
0.000000 :  3.781250 1.937500 -2.843750 0.656250 0.671875 19.750000 
0.000000 :  -2.781250 0.656250 -2.843750 2.062500 0.296875 18.250000 
0.000000 :  3.812500 -3.093750 -1.781250 -1.687500 0.093750 18.250000 
0.000000 :  2.562500 -2.343750 -3.218750 -4.000000 0.750000 19.250000 
0.000000 :  -1.562500 3.687500 -0.187500 -1.375000 0.234375 18.250000 
0.000000 :  -1.843750 -2.093750 0.687500 0.687500 0.000000 18.000000 
