24 fcst vd 961206 19636 -0.166 0.305 0.256 0.751 0.659 0.647 0.481 0.271 0.333 18012 0.015 0.074 0.072 0.975 0.954 0.687 0.702 0.241 0.232
48 fcst vd 961206 19634 -0.264 0.415 0.321 0.630 0.522 0.647 0.384 0.271 0.363 17675 0.025 0.092 0.088 0.961 0.931 0.688 0.713 0.241 0.228
72 fcst vd 961206 19633 -0.254 0.407 0.318 0.635 0.528 0.647 0.393 0.271 0.363 17999 0.032 0.104 0.099 0.949 0.913 0.687 0.719 0.242 0.222
96 fcst vd 961206 19633 -0.236 0.394 0.316 0.644 0.527 0.647 0.412 0.271 0.360 17953 0.032 0.114 0.110 0.937 0.892 0.687 0.719 0.242 0.219
120 fcst vd 961206 19635 -0.224 0.387 0.316 0.649 0.528 0.647 0.424 0.271 0.359 18044 0.046 0.126 0.117 0.920 0.876 0.686 0.732 0.243 0.210
144 fcst vd 961206 19634 -0.215 0.385 0.319 0.653 0.524 0.647 0.432 0.271 0.362 17990 0.054 0.138 0.127 0.902 0.853 0.686 0.741 0.244 0.206
168 fcst vd 961206 19633 -0.222 0.393 0.325 0.645 0.515 0.647 0.426 0.271 0.366 18097 0.056 0.142 0.131 0.896 0.844 0.685 0.741 0.244 0.206
24 fcst vd 961207 19609 -0.174 0.303 0.248 0.757 0.684 0.641 0.467 0.271 0.335 17672 0.013 0.081 0.080 0.971 0.944 0.682 0.696 0.240 0.236
48 fcst vd 961207 19605 -0.276 0.420 0.316 0.627 0.536 0.641 0.364 0.270 0.364 17850 0.027 0.098 0.094 0.955 0.920 0.682 0.709 0.240 0.229
72 fcst vd 961207 19607 -0.264 0.416 0.322 0.628 0.524 0.641 0.377 0.271 0.366 17468 0.037 0.113 0.107 0.939 0.895 0.684 0.721 0.239 0.224
96 fcst vd 961207 19607 -0.247 0.403 0.319 0.637 0.531 0.641 0.393 0.271 0.365 17809 0.043 0.126 0.118 0.923 0.872 0.683 0.726 0.240 0.219
120 fcst vd 961207 19606 -0.231 0.391 0.315 0.646 0.533 0.641 0.410 0.270 0.361 17768 0.043 0.133 0.126 0.912 0.854 0.682 0.725 0.241 0.216
144 fcst vd 961207 19607 -0.218 0.383 0.315 0.654 0.535 0.641 0.423 0.271 0.361 17866 0.057 0.141 0.129 0.898 0.845 0.681 0.738 0.242 0.208
168 fcst vd 961207 19610 -0.212 0.382 0.317 0.657 0.537 0.640 0.428 0.271 0.365 17829 0.064 0.150 0.135 0.884 0.829 0.681 0.745 0.242 0.204
24 fcst vd 921208
48 fcst vd 921208
72 fcst vd 921208
96 fcst vd 921208
120 fcst vd 921208
144 fcst vd 921208
168 fcst vd 921208
24 fcst vd 961209 18492 -0.188 0.313 0.251 0.743 0.676 0.644 0.456 0.265 0.337 17020 0.008 0.072 0.072 0.976 0.954 0.679 0.687 0.238 0.231
48 fcst vd 961209 18491 -0.300 0.433 0.313 0.618 0.550 0.644 0.344 0.265 0.367 17106 0.019 0.093 0.091 0.960 0.926 0.678 0.697 0.239 0.230
72 fcst vd 961209 18488 -0.281 0.418 0.309 0.632 0.561 0.644 0.363 0.265 0.366 16919 0.031 0.107 0.103 0.945 0.904 0.679 0.710 0.239 0.227
96 fcst vd 961209 18490 -0.261 0.406 0.311 0.640 0.556 0.644 0.383 0.265 0.366 17095 0.044 0.121 0.112 0.930 0.885 0.678 0.722 0.240 0.221
120 fcst vd 961209 18493 -0.251 0.404 0.317 0.639 0.541 0.644 0.393 0.265 0.369 16743 0.054 0.133 0.121 0.913 0.863 0.679 0.733 0.239 0.217
144 fcst vd 961209 18493 -0.242 0.400 0.319 0.638 0.535 0.644 0.402 0.265 0.369 17099 0.059 0.143 0.130 0.898 0.842 0.678 0.737 0.241 0.213
168 fcst vd 961209 18491 -0.225 0.389 0.317 0.646 0.534 0.644 0.419 0.265 0.366 17050 0.058 0.149 0.137 0.887 0.823 0.678 0.735 0.240 0.210
24 fcst vd 961210 17800 -0.170 0.300 0.247 0.749 0.665 0.645 0.475 0.266 0.324 16482 0.013 0.072 0.070 0.977 0.957 0.677 0.690 0.242 0.232
48 fcst vd 961210 17797 -0.296 0.435 0.319 0.612 0.530 0.645 0.349 0.266 0.366 16588 0.020 0.087 0.085 0.965 0.937 0.675 0.696 0.243 0.226
72 fcst vd 961210 17796 -0.294 0.434 0.320 0.614 0.530 0.645 0.351 0.266 0.367 16642 0.031 0.107 0.102 0.947 0.908 0.675 0.706 0.244 0.225
96 fcst vd 961210 17794 -0.273 0.417 0.316 0.628 0.541 0.645 0.372 0.266 0.367 16486 0.043 0.121 0.113 0.931 0.887 0.675 0.717 0.244 0.223
120 fcst vd 961210 17797 -0.257 0.410 0.319 0.631 0.528 0.645 0.388 0.266 0.366 16656 0.055 0.134 0.122 0.913 0.866 0.674 0.729 0.244 0.217
144 fcst vd 961210 17798 -0.244 0.404 0.322 0.635 0.527 0.645 0.401 0.266 0.370 16340 0.065 0.145 0.130 0.898 0.848 0.674 0.739 0.244 0.214
168 fcst vd 961210 17797 -0.234 0.400 0.324 0.634 0.519 0.645 0.411 0.266 0.369 16641 0.069 0.156 0.140 0.879 0.821 0.674 0.744 0.245 0.209
24 fcst vd 961208 19077 -0.181 0.307 0.248 0.751 0.681 0.639 0.458 0.266 0.335 17487 0.011 0.077 0.076 0.973 0.948 0.679 0.690 0.237 0.235
48 fcst vd 961208 19073 -0.284 0.417 0.305 0.633 0.567 0.639 0.355 0.266 0.363 17329 0.024 0.095 0.092 0.958 0.924 0.678 0.702 0.237 0.232
72 fcst vd 961208 19073 -0.265 0.406 0.307 0.642 0.562 0.639 0.374 0.266 0.364 17526 0.037 0.110 0.103 0.942 0.902 0.677 0.714 0.238 0.226
96 fcst vd 961208 19072 -0.256 0.402 0.310 0.645 0.561 0.639 0.384 0.266 0.368 17152 0.047 0.122 0.113 0.927 0.881 0.679 0.726 0.237 0.221
120 fcst vd 961208 19073 -0.245 0.396 0.312 0.646 0.554 0.639 0.394 0.266 0.367 17501 0.053 0.134 0.123 0.910 0.857 0.677 0.730 0.238 0.217
144 fcst vd 961208 19074 -0.225 0.380 0.306 0.660 0.563 0.639 0.414 0.266 0.363 17429 0.052 0.140 0.129 0.901 0.841 0.678 0.730 0.238 0.213
168 fcst vd 961208 19074 -0.214 0.374 0.306 0.666 0.563 0.639 0.425 0.266 0.363 17508 0.066 0.149 0.133 0.885 0.830 0.677 0.743 0.239 0.205
24 fcst vd 961213 17812 -0.195 0.320 0.254 0.751 0.679 0.617 0.422 0.282 0.339 15820 0.004 0.071 0.071 0.978 0.958 0.670 0.674 0.245 0.239
48 fcst vd 961213 17811 -0.299 0.433 0.313 0.632 0.549 0.617 0.318 0.282 0.360 15820 0.017 0.080 0.078 0.972 0.948 0.670 0.687 0.246 0.234
72 fcst vd 961213 17809 -0.284 0.423 0.313 0.642 0.556 0.617 0.332 0.282 0.365 15657 0.028 0.098 0.094 0.956 0.924 0.671 0.699 0.245 0.230
96 fcst vd 961213 17809 -0.267 0.411 0.312 0.652 0.555 0.617 0.350 0.282 0.362 15773 0.039 0.112 0.105 0.941 0.904 0.669 0.708 0.246 0.222
120 fcst vd 961213 17812 -0.274 0.424 0.323 0.640 0.536 0.617 0.342 0.282 0.369 15909 0.045 0.123 0.114 0.929 0.887 0.667 0.712 0.248 0.218
144 fcst vd 961213 17809 -0.264 0.414 0.319 0.648 0.545 0.617 0.353 0.282 0.368 15934 0.054 0.139 0.128 0.909 0.857 0.667 0.721 0.248 0.220
168 fcst vd 961213 17809 -0.251 0.407 0.320 0.655 0.545 0.617 0.366 0.282 0.369 15770 0.064 0.152 0.138 0.889 0.832 0.668 0.732 0.248 0.218
24 fcst vd 961214 16807 -0.171 0.293 0.238 0.772 0.696 0.625 0.453 0.280 0.322 15223 0.012 0.072 0.071 0.978 0.958 0.670 0.682 0.248 0.239
48 fcst vd 961214 16804 -0.296 0.428 0.309 0.634 0.557 0.625 0.329 0.280 0.359 15155 0.016 0.092 0.091 0.962 0.931 0.671 0.687 0.248 0.232
72 fcst vd 961214 16804 -0.296 0.437 0.321 0.622 0.529 0.625 0.329 0.280 0.364 15184 0.027 0.101 0.097 0.954 0.921 0.670 0.698 0.249 0.228
96 fcst vd 961214 16804 -0.283 0.431 0.325 0.627 0.525 0.625 0.342 0.280 0.368 15017 0.038 0.116 0.110 0.938 0.897 0.671 0.710 0.249 0.224
120 fcst vd 961214 16804 -0.266 0.417 0.321 0.640 0.533 0.625 0.359 0.280 0.366 15111 0.049 0.130 0.121 0.920 0.875 0.670 0.719 0.249 0.217
144 fcst vd 961214 16804 -0.266 0.424 0.329 0.634 0.519 0.625 0.358 0.280 0.372 15251 0.053 0.140 0.129 0.907 0.858 0.668 0.721 0.251 0.214
168 fcst vd 961214 16804 -0.263 0.423 0.332 0.630 0.512 0.625 0.362 0.280 0.371 15284 0.063 0.153 0.139 0.889 0.832 0.668 0.731 0.251 0.214
24 fcst vd 961216 15910 -0.189 0.318 0.256 0.750 0.668 0.628 0.439 0.286 0.334 14453 0.008 0.067 0.067 0.982 0.965 0.671 0.679 0.256 0.246
48 fcst vd 961216 15905 -0.310 0.438 0.309 0.631 0.565 0.628 0.318 0.285 0.362 14245 0.022 0.098 0.095 0.959 0.928 0.673 0.695 0.256 0.235
72 fcst vd 961216 15904 -0.289 0.423 0.309 0.643 0.563 0.628 0.339 0.285 0.360 14490 0.032 0.118 0.113 0.939 0.897 0.670 0.702 0.257 0.228
96 fcst vd 961216 15902 -0.285 0.424 0.314 0.640 0.549 0.628 0.343 0.285 0.361 14383 0.033 0.132 0.128 0.921 0.866 0.672 0.706 0.256 0.223
120 fcst vd 961216 15903 -0.291 0.439 0.328 0.623 0.521 0.628 0.337 0.285 0.369 14396 0.044 0.140 0.133 0.911 0.856 0.672 0.716 0.257 0.220
144 fcst vd 961216 15904 -0.279 0.429 0.326 0.636 0.538 0.628 0.349 0.285 0.374 14268 0.053 0.148 0.139 0.899 0.841 0.672 0.725 0.256 0.219
168 fcst vd 961216 15906 -0.258 0.414 0.323 0.648 0.537 0.628 0.370 0.285 0.369 14372 0.061 0.158 0.146 0.884 0.824 0.671 0.732 0.257 0.214
24 fcst vd 961211 18070 -0.176 0.304 0.248 0.760 0.684 0.627 0.451 0.274 0.335 16180 0.013 0.071 0.070 0.977 0.957 0.674 0.686 0.241 0.236
48 fcst vd 961211 18067 -0.275 0.413 0.308 0.643 0.555 0.628 0.352 0.274 0.360 16325 0.025 0.087 0.083 0.965 0.940 0.671 0.696 0.243 0.228
72 fcst vd 961211 18068 -0.278 0.422 0.318 0.634 0.537 0.627 0.350 0.274 0.365 16432 0.032 0.100 0.094 0.953 0.923 0.669 0.702 0.244 0.223
96 fcst vd 961211 18070 -0.277 0.421 0.318 0.636 0.540 0.627 0.351 0.274 0.367 16459 0.042 0.119 0.111 0.933 0.891 0.670 0.712 0.244 0.222
120 fcst vd 961211 18069 -0.264 0.414 0.319 0.641 0.540 0.627 0.363 0.274 0.368 16317 0.053 0.133 0.122 0.916 0.868 0.670 0.723 0.244 0.221
144 fcst vd 961211 18070 -0.246 0.405 0.322 0.647 0.532 0.627 0.381 0.274 0.369 16482 0.065 0.145 0.130 0.898 0.848 0.669 0.734 0.245 0.216
168 fcst vd 961211 18069 -0.234 0.398 0.323 0.652 0.534 0.627 0.394 0.274 0.370 16156 0.074 0.155 0.136 0.882 0.830 0.670 0.744 0.244 0.212
24 fcst vd 961212 17743 -0.177 0.304 0.247 0.758 0.684 0.624 0.447 0.273 0.333 16057 0.013 0.072 0.071 0.977 0.957 0.667 0.680 0.243 0.237
48 fcst vd 961212 17739 -0.288 0.424 0.311 0.632 0.552 0.624 0.336 0.273 0.363 15912 0.025 0.090 0.086 0.964 0.936 0.667 0.693 0.243 0.233
72 fcst vd 961212 17735 -0.267 0.408 0.308 0.645 0.556 0.624 0.357 0.273 0.361 16035 0.037 0.104 0.097 0.950 0.917 0.665 0.703 0.244 0.224
96 fcst vd 961212 17737 -0.274 0.421 0.320 0.632 0.532 0.624 0.350 0.273 0.366 16162 0.043 0.116 0.108 0.937 0.899 0.663 0.707 0.246 0.220
120 fcst vd 961212 17739 -0.270 0.419 0.321 0.632 0.532 0.624 0.354 0.273 0.367 16194 0.052 0.135 0.124 0.915 0.864 0.664 0.717 0.246 0.221
144 fcst vd 961212 17739 -0.252 0.405 0.317 0.647 0.544 0.624 0.372 0.273 0.367 16022 0.063 0.148 0.134 0.896 0.841 0.664 0.728 0.246 0.219
168 fcst vd 961212 17740 -0.245 0.406 0.324 0.643 0.528 0.624 0.379 0.273 0.371 16211 0.074 0.160 0.142 0.876 0.818 0.663 0.737 0.246 0.215
24 fcst vd 961215 16483 -0.183 0.304 0.242 0.771 0.710 0.622 0.439 0.283 0.339 14746 0.016 0.080 0.078 0.974 0.952 0.667 0.683 0.254 0.240
48 fcst vd 961215 16481 -0.295 0.425 0.306 0.640 0.565 0.622 0.326 0.283 0.357 15023 0.027 0.100 0.096 0.957 0.926 0.664 0.691 0.255 0.233
72 fcst vd 961215 16480 -0.291 0.427 0.313 0.636 0.549 0.622 0.331 0.283 0.360 14953 0.030 0.118 0.114 0.938 0.894 0.665 0.695 0.255 0.227
96 fcst vd 961215 16479 -0.290 0.434 0.323 0.625 0.526 0.622 0.332 0.283 0.365 14939 0.041 0.127 0.120 0.927 0.883 0.665 0.706 0.255 0.223
120 fcst vd 961215 16481 -0.279 0.428 0.324 0.635 0.534 0.622 0.343 0.283 0.370 14795 0.051 0.138 0.128 0.913 0.864 0.666 0.717 0.255 0.221
144 fcst vd 961215 16480 -0.258 0.413 0.323 0.645 0.531 0.622 0.364 0.283 0.366 14886 0.061 0.150 0.137 0.895 0.843 0.664 0.725 0.255 0.215
168 fcst vd 961215 16478 -0.264 0.425 0.333 0.635 0.517 0.622 0.358 0.283 0.375 15027 0.065 0.158 0.144 0.883 0.828 0.662 0.727 0.257 0.213
24 fcst vd 961217 15430 -0.187 0.312 0.249 0.761 0.692 0.627 0.440 0.284 0.338 13979 0.012 0.068 0.067 0.981 0.965 0.670 0.683 0.256 0.249
48 fcst vd 961217 15429 -0.310 0.440 0.313 0.625 0.547 0.627 0.318 0.284 0.359 14031 0.019 0.088 0.086 0.968 0.942 0.669 0.688 0.257 0.242
72 fcst vd 961217 15429 -0.307 0.440 0.315 0.626 0.551 0.627 0.321 0.284 0.364 13806 0.031 0.118 0.114 0.940 0.896 0.671 0.702 0.257 0.232
96 fcst vd 961217 15428 -0.289 0.429 0.318 0.632 0.540 0.627 0.339 0.284 0.362 14036 0.039 0.135 0.129 0.920 0.865 0.669 0.708 0.258 0.227
120 fcst vd 961217 15429 -0.281 0.425 0.319 0.635 0.539 0.627 0.346 0.284 0.363 13955 0.040 0.148 0.142 0.901 0.833 0.670 0.710 0.257 0.223
144 fcst vd 961217 15429 -0.290 0.445 0.337 0.614 0.499 0.627 0.338 0.284 0.372 13934 0.049 0.155 0.147 0.891 0.822 0.671 0.720 0.257 0.220
168 fcst vd 961217 15428 -0.275 0.431 0.332 0.631 0.523 0.627 0.352 0.284 0.376 13803 0.058 0.160 0.149 0.883 0.815 0.671 0.729 0.257 0.219
24 fcst vd 961220 14707 -0.186 0.315 0.254 0.762 0.684 0.611 0.425 0.291 0.338 12842 0.010 0.066 0.065 0.983 0.968 0.663 0.673 0.259 0.252
48 fcst vd 961220 14704 -0.300 0.432 0.311 0.641 0.562 0.611 0.310 0.291 0.360 13002 0.028 0.089 0.085 0.969 0.946 0.659 0.687 0.262 0.246
72 fcst vd 961220 14703 -0.293 0.426 0.309 0.648 0.573 0.611 0.317 0.291 0.362 12971 0.042 0.114 0.106 0.948 0.915 0.658 0.700 0.262 0.240
96 fcst vd 961220 14704 -0.288 0.424 0.312 0.648 0.567 0.611 0.323 0.291 0.364 13029 0.053 0.132 0.121 0.928 0.888 0.659 0.711 0.263 0.234
120 fcst vd 961220 14704 -0.284 0.423 0.314 0.649 0.562 0.611 0.327 0.291 0.365 13089 0.057 0.142 0.130 0.915 0.870 0.657 0.714 0.263 0.229
144 fcst vd 961220 14703 -0.282 0.421 0.312 0.652 0.574 0.611 0.328 0.291 0.368 12879 0.067 0.162 0.147 0.885 0.828 0.660 0.727 0.263 0.219
168 fcst vd 961220 14703 -0.263 0.411 0.315 0.657 0.558 0.611 0.348 0.291 0.365 13127 0.073 0.174 0.158 0.867 0.803 0.657 0.730 0.264 0.217
24 fcst vd 961223 13802 -0.196 0.324 0.258 0.758 0.681 0.601 0.405 0.294 0.342 12130 0.002 0.065 0.065 0.984 0.968 0.660 0.662 0.259 0.252
48 fcst vd 961223 13802 -0.310 0.442 0.316 0.639 0.558 0.601 0.291 0.294 0.364 12148 0.022 0.083 0.080 0.973 0.951 0.660 0.683 0.259 0.250
72 fcst vd 961223 13806 -0.293 0.426 0.310 0.654 0.574 0.601 0.308 0.295 0.364 12076 0.032 0.102 0.097 0.958 0.927 0.660 0.692 0.259 0.244
96 fcst vd 961223 13802 -0.292 0.428 0.314 0.650 0.565 0.601 0.309 0.294 0.365 12044 0.041 0.116 0.109 0.944 0.909 0.659 0.700 0.260 0.238
120 fcst vd 961223 13802 -0.282 0.425 0.318 0.652 0.555 0.601 0.319 0.294 0.367 12187 0.056 0.133 0.120 0.927 0.889 0.655 0.712 0.262 0.235
144 fcst vd 961223 13803 -0.271 0.413 0.311 0.667 0.580 0.601 0.330 0.295 0.369 12163 0.069 0.153 0.137 0.901 0.853 0.654 0.723 0.263 0.229
168 fcst vd 961223 13805 -0.269 0.416 0.317 0.662 0.568 0.601 0.331 0.295 0.372 12222 0.078 0.166 0.146 0.881 0.830 0.655 0.733 0.263 0.223
24 fcst vd 961225 12944 -0.190 0.316 0.253 0.758 0.679 0.604 0.414 0.293 0.332 11359 0.016 0.072 0.070 0.981 0.964 0.656 0.671 0.264 0.256
48 fcst vd 961225 12943 -0.308 0.439 0.313 0.637 0.552 0.604 0.296 0.293 0.358 11446 0.027 0.093 0.089 0.967 0.942 0.654 0.681 0.265 0.248
72 fcst vd 961225 12939 -0.316 0.454 0.325 0.624 0.529 0.604 0.288 0.293 0.365 11476 0.027 0.109 0.106 0.952 0.917 0.654 0.681 0.265 0.242
96 fcst vd 961225 12938 -0.302 0.444 0.326 0.633 0.537 0.604 0.303 0.293 0.370 11486 0.047 0.124 0.115 0.938 0.902 0.654 0.701 0.265 0.241
120 fcst vd 961225 12942 -0.286 0.429 0.320 0.647 0.550 0.604 0.318 0.293 0.367 11404 0.055 0.142 0.130 0.917 0.871 0.654 0.709 0.265 0.236
144 fcst vd 961225 12942 -0.283 0.429 0.322 0.647 0.548 0.604 0.321 0.293 0.370 11393 0.062 0.152 0.139 0.903 0.851 0.654 0.716 0.265 0.231
168 fcst vd 961225 12940 -0.272 0.428 0.330 0.642 0.524 0.604 0.333 0.293 0.370 11473 0.077 0.166 0.147 0.884 0.834 0.651 0.728 0.267 0.227
24 fcst vd 961228 12191 -0.190 0.311 0.246 0.773 0.704 0.590 0.400 0.302 0.333 10323 0.013 0.073 0.072 0.980 0.964 0.651 0.664 0.268 0.256
48 fcst vd 961228 12188 -0.321 0.449 0.315 0.633 0.547 0.590 0.269 0.302 0.353 10395 0.027 0.087 0.083 0.971 0.951 0.652 0.679 0.268 0.253
72 fcst vd 961228 12186 -0.297 0.431 0.312 0.653 0.565 0.590 0.293 0.302 0.359 10422 0.042 0.112 0.104 0.952 0.923 0.649 0.691 0.270 0.247
96 fcst vd 961228 12188 -0.290 0.437 0.326 0.640 0.522 0.590 0.300 0.302 0.359 10419 0.054 0.125 0.113 0.939 0.908 0.651 0.705 0.269 0.241
120 fcst vd 961228 12187 -0.280 0.427 0.323 0.654 0.542 0.590 0.310 0.302 0.363 10494 0.062 0.137 0.122 0.925 0.891 0.649 0.712 0.270 0.236
144 fcst vd 961228 12188 -0.288 0.443 0.337 0.637 0.513 0.590 0.301 0.302 0.370 10519 0.061 0.150 0.137 0.908 0.862 0.649 0.710 0.270 0.232
168 fcst vd 961228 12189 -0.276 0.433 0.334 0.651 0.533 0.590 0.314 0.302 0.376 10555 0.080 0.163 0.142 0.892 0.851 0.648 0.728 0.271 0.231
24 fcst vd 961229 11226 -0.182 0.301 0.240 0.782 0.712 0.602 0.421 0.301 0.328 9896 0.010 0.070 0.069 0.982 0.966 0.659 0.669 0.269 0.259
48 fcst vd 961229 11226 -0.282 0.405 0.292 0.672 0.600 0.602 0.321 0.301 0.345 9829 0.022 0.083 0.080 0.974 0.955 0.657 0.679 0.270 0.248
72 fcst vd 961229 11225 -0.317 0.451 0.321 0.630 0.535 0.602 0.285 0.301 0.357 9939 0.036 0.100 0.093 0.962 0.940 0.656 0.692 0.272 0.247
96 fcst vd 961229 11225 -0.288 0.428 0.316 0.654 0.560 0.602 0.314 0.301 0.363 9926 0.049 0.120 0.109 0.944 0.916 0.655 0.704 0.271 0.240
120 fcst vd 961229 11226 -0.284 0.437 0.332 0.640 0.515 0.602 0.318 0.301 0.363 9931 0.062 0.134 0.119 0.929 0.899 0.656 0.717 0.272 0.235
144 fcst vd 961229 11225 -0.276 0.429 0.328 0.652 0.535 0.602 0.326 0.301 0.368 10020 0.069 0.146 0.129 0.914 0.882 0.654 0.723 0.273 0.231
168 fcst vd 961229 11225 -0.280 0.441 0.340 0.638 0.509 0.602 0.322 0.301 0.374 10010 0.067 0.157 0.142 0.897 0.852 0.654 0.722 0.272 0.225
24 fcst vd 961230 11347 -0.209 0.340 0.268 0.746 0.668 0.599 0.390 0.304 0.347 9676 0.008 0.067 0.066 0.984 0.970 0.656 0.664 0.274 0.266
48 fcst vd 961230 11345 -0.331 0.461 0.321 0.621 0.527 0.599 0.268 0.304 0.351 9864 0.018 0.092 0.090 0.970 0.945 0.654 0.672 0.275 0.257
72 fcst vd 961230 11348 -0.283 0.411 0.299 0.666 0.582 0.599 0.316 0.304 0.345 9796 0.029 0.104 0.100 0.960 0.933 0.650 0.680 0.276 0.248
96 fcst vd 961230 11347 -0.315 0.454 0.326 0.626 0.521 0.599 0.284 0.304 0.356 9882 0.042 0.117 0.109 0.949 0.920 0.651 0.693 0.277 0.245
120 fcst vd 961230 11346 -0.287 0.432 0.323 0.649 0.543 0.599 0.312 0.304 0.363 9842 0.056 0.137 0.125 0.928 0.893 0.651 0.706 0.277 0.239
144 fcst vd 961230 11345 -0.283 0.440 0.337 0.635 0.502 0.599 0.316 0.304 0.363 9880 0.067 0.150 0.134 0.913 0.876 0.650 0.717 0.278 0.235
168 fcst vd 961230 11348 -0.276 0.432 0.333 0.648 0.524 0.599 0.323 0.304 0.368 9978 0.075 0.161 0.143 0.899 0.860 0.648 0.722 0.279 0.232
24 fcst vd 970101 11184 -0.206 0.323 0.249 0.761 0.696 0.586 0.380 0.303 0.333 10265 0.005 0.051 0.051 0.992 0.985 0.619 0.625 0.290 0.287
48 fcst vd 970101 11182 -0.325 0.454 0.318 0.624 0.525 0.586 0.262 0.303 0.345 9567 0.023 0.078 0.074 0.979 0.963 0.645 0.668 0.273 0.268
72 fcst vd 970101 11181 -0.329 0.464 0.327 0.615 0.506 0.587 0.257 0.303 0.350 9471 0.030 0.093 0.088 0.969 0.946 0.648 0.677 0.272 0.260
96 fcst vd 970101 11182 -0.315 0.452 0.325 0.628 0.518 0.586 0.272 0.303 0.353 9639 0.038 0.113 0.106 0.953 0.922 0.645 0.683 0.274 0.253
120 fcst vd 970101 11182 -0.271 0.405 0.302 0.671 0.576 0.586 0.316 0.303 0.347 9581 0.049 0.123 0.113 0.943 0.912 0.643 0.691 0.275 0.243
144 fcst vd 970101 11182 -0.298 0.442 0.327 0.636 0.521 0.586 0.288 0.303 0.357 9704 0.062 0.135 0.120 0.931 0.900 0.641 0.703 0.276 0.243
168 fcst vd 970101 11182 -0.278 0.430 0.328 0.651 0.532 0.586 0.309 0.303 0.366 9669 0.075 0.156 0.137 0.906 0.868 0.641 0.716 0.276 0.236
24 fcst vd 970102 10836 -0.211 0.340 0.266 0.741 0.658 0.577 0.365 0.306 0.336 9280 0.020 0.078 0.075 0.979 0.962 0.641 0.661 0.277 0.267
48 fcst vd 970102 10833 -0.317 0.444 0.310 0.636 0.545 0.577 0.259 0.305 0.341 9247 0.025 0.090 0.087 0.971 0.949 0.644 0.669 0.275 0.261
72 fcst vd 970102 10833 -0.311 0.448 0.323 0.630 0.516 0.577 0.266 0.305 0.347 9179 0.041 0.105 0.097 0.961 0.937 0.641 0.682 0.276 0.262
96 fcst vd 970102 10834 -0.311 0.456 0.333 0.622 0.494 0.577 0.265 0.305 0.352 9128 0.049 0.115 0.104 0.952 0.926 0.642 0.691 0.276 0.254
120 fcst vd 970102 10834 -0.291 0.436 0.325 0.644 0.524 0.577 0.285 0.305 0.355 9348 0.055 0.132 0.120 0.937 0.903 0.638 0.693 0.279 0.251
144 fcst vd 970102 10833 -0.252 0.397 0.307 0.678 0.566 0.577 0.324 0.305 0.348 9282 0.066 0.143 0.127 0.923 0.891 0.635 0.701 0.279 0.241
168 fcst vd 970102 10834 -0.282 0.435 0.331 0.643 0.514 0.577 0.295 0.305 0.359 9383 0.077 0.154 0.133 0.913 0.880 0.635 0.712 0.280 0.242
24 fcst vd 970104 10045 -0.212 0.345 0.273 0.732 0.633 0.585 0.373 0.310 0.326 8575 0.014 0.070 0.069 0.984 0.970 0.645 0.660 0.281 0.272
48 fcst vd 970104 10045 -0.344 0.472 0.323 0.604 0.489 0.585 0.241 0.310 0.329 8605 0.021 0.087 0.084 0.974 0.954 0.647 0.667 0.282 0.264
72 fcst vd 970104 10046 -0.351 0.483 0.332 0.597 0.477 0.585 0.234 0.310 0.337 8682 0.039 0.106 0.099 0.961 0.938 0.643 0.682 0.283 0.257
96 fcst vd 970104 10045 -0.316 0.446 0.315 0.636 0.541 0.585 0.269 0.310 0.344 8662 0.043 0.117 0.109 0.951 0.923 0.645 0.689 0.282 0.252
120 fcst vd 970104 10045 -0.302 0.445 0.327 0.634 0.512 0.585 0.284 0.310 0.348 8570 0.060 0.132 0.118 0.938 0.909 0.643 0.704 0.283 0.251
144 fcst vd 970104 10046 -0.308 0.455 0.335 0.628 0.505 0.585 0.277 0.310 0.358 8525 0.067 0.141 0.125 0.927 0.898 0.645 0.712 0.283 0.244
168 fcst vd 970104 10045 -0.288 0.439 0.331 0.642 0.516 0.585 0.298 0.310 0.358 8670 0.072 0.157 0.140 0.908 0.871 0.643 0.716 0.284 0.239
24 fcst vd 970107 9760 -0.221 0.357 0.280 0.734 0.636 0.570 0.349 0.323 0.333 7912 0.006 0.064 0.064 0.987 0.975 0.643 0.649 0.290 0.284
48 fcst vd 970107 9759 -0.335 0.475 0.337 0.608 0.464 0.570 0.235 0.323 0.328 7956 0.021 0.079 0.077 0.980 0.965 0.641 0.662 0.290 0.277
72 fcst vd 970107 9758 -0.329 0.470 0.335 0.615 0.479 0.570 0.240 0.323 0.333 7966 0.035 0.104 0.098 0.965 0.942 0.638 0.673 0.292 0.272
96 fcst vd 970107 9759 -0.315 0.461 0.337 0.621 0.475 0.570 0.254 0.323 0.334 8040 0.049 0.120 0.109 0.953 0.928 0.635 0.685 0.293 0.264
120 fcst vd 970107 9759 -0.321 0.467 0.339 0.615 0.467 0.570 0.249 0.323 0.334 8097 0.051 0.141 0.131 0.933 0.895 0.638 0.689 0.293 0.257
144 fcst vd 970107 9759 -0.333 0.482 0.349 0.604 0.451 0.570 0.237 0.323 0.343 8098 0.070 0.153 0.136 0.919 0.887 0.637 0.706 0.293 0.249
168 fcst vd 970107 9759 -0.291 0.441 0.331 0.647 0.517 0.570 0.279 0.323 0.349 8098 0.073 0.163 0.146 0.906 0.867 0.638 0.711 0.292 0.246
24 fcst vd 970108 9100 -0.221 0.351 0.273 0.732 0.643 0.576 0.355 0.316 0.329 7659 0.013 0.066 0.065 0.986 0.974 0.643 0.656 0.287 0.283
48 fcst vd 970108 9098 -0.336 0.471 0.330 0.605 0.475 0.576 0.240 0.316 0.328 7642 0.018 0.081 0.078 0.979 0.962 0.644 0.663 0.287 0.277
72 fcst vd 970108 9099 -0.326 0.467 0.335 0.609 0.471 0.576 0.250 0.316 0.334 7693 0.033 0.096 0.091 0.970 0.949 0.642 0.674 0.287 0.271
96 fcst vd 970108 9099 -0.330 0.471 0.336 0.607 0.472 0.576 0.247 0.316 0.338 7681 0.047 0.118 0.108 0.954 0.927 0.639 0.686 0.289 0.266
120 fcst vd 970108 9098 -0.308 0.458 0.339 0.615 0.463 0.576 0.268 0.316 0.338 7734 0.059 0.134 0.121 0.939 0.909 0.638 0.697 0.289 0.259
144 fcst vd 970108 9099 -0.315 0.465 0.342 0.609 0.454 0.576 0.262 0.316 0.338 7773 0.062 0.147 0.133 0.925 0.888 0.639 0.701 0.289 0.252
168 fcst vd 970108 9098 -0.324 0.478 0.352 0.600 0.442 0.576 0.253 0.316 0.349 7811 0.076 0.166 0.148 0.902 0.860 0.638 0.715 0.290 0.246
24 fcst vd 961218 15213 -0.180 0.306 0.247 0.769 0.697 0.622 0.442 0.287 0.336 13614 0.016 0.070 0.069 0.981 0.964 0.666 0.682 0.258 0.249
48 fcst vd 961218 15212 -0.308 0.439 0.312 0.630 0.558 0.622 0.314 0.287 0.362 13679 0.028 0.092 0.088 0.966 0.941 0.666 0.694 0.259 0.242
72 fcst vd 961218 15211 -0.301 0.434 0.313 0.634 0.554 0.622 0.322 0.287 0.361 13709 0.033 0.108 0.103 0.951 0.917 0.666 0.699 0.258 0.236
96 fcst vd 961218 15211 -0.305 0.439 0.316 0.630 0.554 0.622 0.317 0.287 0.366 13464 0.043 0.134 0.126 0.922 0.871 0.669 0.712 0.258 0.226
120 fcst vd 961218 15212 -0.287 0.429 0.319 0.634 0.541 0.622 0.335 0.287 0.363 13725 0.050 0.150 0.142 0.900 0.837 0.666 0.716 0.259 0.224
144 fcst vd 961218 15212 -0.278 0.423 0.319 0.641 0.542 0.622 0.344 0.287 0.365 13648 0.051 0.161 0.152 0.883 0.808 0.667 0.718 0.258 0.219
168 fcst vd 961218 15213 -0.283 0.439 0.335 0.623 0.510 0.622 0.339 0.287 0.373 13635 0.059 0.170 0.159 0.868 0.790 0.668 0.727 0.259 0.217
24 fcst vd 961219 14911 -0.191 0.324 0.262 0.744 0.662 0.619 0.428 0.286 0.340 13166 0.019 0.071 0.068 0.980 0.965 0.662 0.681 0.258 0.249
48 fcst vd 961219 14908 -0.302 0.432 0.309 0.634 0.563 0.620 0.317 0.286 0.360 13126 0.033 0.098 0.093 0.961 0.934 0.661 0.694 0.259 0.242
72 fcst vd 961219 14908 -0.303 0.438 0.316 0.628 0.549 0.620 0.316 0.286 0.364 13186 0.043 0.117 0.108 0.943 0.909 0.662 0.705 0.259 0.236
96 fcst vd 961219 14909 -0.296 0.433 0.316 0.632 0.550 0.620 0.323 0.286 0.363 13225 0.048 0.130 0.121 0.928 0.885 0.660 0.709 0.259 0.231
120 fcst vd 961219 14908 -0.295 0.430 0.314 0.636 0.561 0.620 0.325 0.286 0.366 13015 0.059 0.152 0.140 0.898 0.842 0.663 0.722 0.259 0.222
144 fcst vd 961219 14909 -0.277 0.422 0.319 0.638 0.541 0.620 0.342 0.286 0.364 13285 0.064 0.166 0.153 0.876 0.808 0.660 0.725 0.260 0.219
168 fcst vd 961219 14910 -0.272 0.421 0.322 0.639 0.537 0.619 0.347 0.286 0.366 13177 0.064 0.174 0.161 0.862 0.784 0.662 0.727 0.259 0.214
24 fcst vd 961221 14647 -0.199 0.325 0.257 0.758 0.686 0.601 0.402 0.295 0.344 12683 0.010 0.072 0.071 0.980 0.962 0.663 0.673 0.260 0.255
48 fcst vd 961221 14644 -0.302 0.428 0.303 0.654 0.590 0.602 0.299 0.295 0.361 12614 0.020 0.090 0.088 0.968 0.942 0.663 0.683 0.260 0.247
72 fcst vd 961221 14642 -0.293 0.425 0.308 0.656 0.580 0.602 0.309 0.295 0.363 12792 0.036 0.107 0.101 0.954 0.923 0.659 0.695 0.262 0.243
96 fcst vd 961221 14642 -0.283 0.415 0.304 0.666 0.593 0.602 0.319 0.295 0.364 12779 0.049 0.128 0.118 0.934 0.894 0.657 0.706 0.263 0.238
120 fcst vd 961221 14643 -0.280 0.416 0.308 0.664 0.584 0.602 0.322 0.295 0.366 12843 0.060 0.144 0.131 0.914 0.869 0.658 0.717 0.264 0.231
144 fcst vd 961221 14645 -0.273 0.414 0.311 0.664 0.573 0.602 0.328 0.295 0.365 12868 0.064 0.153 0.139 0.899 0.848 0.657 0.721 0.263 0.226
168 fcst vd 961221 14643 -0.275 0.415 0.310 0.665 0.583 0.602 0.326 0.295 0.369 12691 0.073 0.174 0.158 0.866 0.801 0.659 0.732 0.264 0.217
24 fcst vd 961222 14281 -0.185 0.308 0.246 0.775 0.711 0.594 0.410 0.291 0.344 12419 0.021 0.071 0.068 0.981 0.965 0.653 0.674 0.257 0.254
48 fcst vd 961222 14278 -0.299 0.426 0.304 0.652 0.585 0.594 0.296 0.291 0.362 12334 0.031 0.094 0.089 0.965 0.939 0.653 0.684 0.257 0.249
72 fcst vd 961222 14276 -0.294 0.423 0.305 0.655 0.585 0.594 0.301 0.291 0.363 12303 0.040 0.109 0.101 0.951 0.920 0.652 0.692 0.258 0.242
96 fcst vd 961222 14277 -0.282 0.419 0.310 0.656 0.573 0.594 0.312 0.291 0.364 12398 0.056 0.126 0.113 0.934 0.900 0.650 0.706 0.258 0.237
120 fcst vd 961222 14277 -0.272 0.409 0.305 0.668 0.591 0.594 0.323 0.291 0.367 12366 0.069 0.147 0.130 0.908 0.866 0.649 0.719 0.259 0.230
144 fcst vd 961222 14278 -0.267 0.408 0.308 0.669 0.586 0.594 0.328 0.291 0.369 12435 0.079 0.160 0.140 0.889 0.843 0.650 0.729 0.259 0.224
168 fcst vd 961222 14280 -0.263 0.409 0.313 0.666 0.571 0.594 0.331 0.291 0.368 12476 0.082 0.169 0.148 0.875 0.822 0.648 0.730 0.259 0.221
24 fcst vd 961224 13353 -0.201 0.329 0.261 0.753 0.677 0.601 0.401 0.296 0.343 11807 0.012 0.067 0.066 0.983 0.968 0.657 0.669 0.264 0.255
48 fcst vd 961224 13350 -0.319 0.451 0.319 0.632 0.546 0.602 0.283 0.296 0.362 11827 0.013 0.085 0.084 0.972 0.947 0.657 0.670 0.264 0.248
72 fcst vd 961224 13351 -0.304 0.441 0.319 0.642 0.553 0.601 0.298 0.296 0.366 11841 0.033 0.100 0.095 0.961 0.933 0.657 0.690 0.264 0.247
96 fcst vd 961224 13350 -0.293 0.429 0.313 0.654 0.570 0.602 0.309 0.296 0.366 11736 0.042 0.119 0.111 0.942 0.906 0.658 0.700 0.263 0.241
120 fcst vd 961224 13350 -0.287 0.427 0.316 0.653 0.563 0.602 0.314 0.296 0.367 11707 0.050 0.131 0.121 0.929 0.888 0.657 0.707 0.263 0.235
144 fcst vd 961224 13352 -0.273 0.423 0.323 0.652 0.543 0.601 0.329 0.296 0.367 11845 0.066 0.147 0.131 0.911 0.869 0.654 0.719 0.265 0.232
168 fcst vd 961224 13350 -0.264 0.412 0.317 0.667 0.567 0.602 0.338 0.296 0.370 11848 0.078 0.166 0.147 0.885 0.835 0.651 0.729 0.267 0.227
24 fcst vd 961226 12731 -0.169 0.289 0.235 0.796 0.729 0.594 0.426 0.298 0.334 10994 0.015 0.073 0.071 0.980 0.963 0.655 0.670 0.264 0.257
48 fcst vd 961226 12729 -0.298 0.436 0.318 0.639 0.534 0.594 0.296 0.298 0.354 11042 0.030 0.091 0.086 0.968 0.946 0.653 0.683 0.266 0.250
72 fcst vd 961226 12730 -0.295 0.435 0.320 0.642 0.541 0.594 0.299 0.298 0.360 11141 0.040 0.107 0.099 0.956 0.929 0.651 0.691 0.267 0.245
96 fcst vd 961226 12730 -0.299 0.446 0.331 0.633 0.519 0.594 0.295 0.298 0.366 11170 0.040 0.123 0.117 0.939 0.899 0.650 0.690 0.267 0.240
120 fcst vd 961226 12730 -0.289 0.441 0.333 0.639 0.526 0.594 0.305 0.298 0.373 11198 0.060 0.137 0.123 0.925 0.888 0.650 0.710 0.268 0.238
144 fcst vd 961226 12731 -0.273 0.426 0.328 0.652 0.537 0.594 0.322 0.298 0.370 11126 0.067 0.153 0.138 0.905 0.858 0.650 0.717 0.268 0.235
168 fcst vd 961226 12730 -0.269 0.424 0.328 0.654 0.539 0.594 0.326 0.298 0.373 11125 0.074 0.165 0.147 0.888 0.837 0.648 0.722 0.268 0.230
24 fcst vd 961227 12290 -0.219 0.354 0.278 0.721 0.635 0.598 0.378 0.292 0.347 10640 0.013 0.074 0.073 0.980 0.961 0.651 0.664 0.263 0.260
48 fcst vd 961227 12290 -0.309 0.440 0.313 0.634 0.550 0.598 0.288 0.292 0.356 10625 0.030 0.093 0.088 0.967 0.942 0.650 0.679 0.263 0.252
72 fcst vd 961227 12290 -0.298 0.439 0.322 0.631 0.524 0.598 0.299 0.292 0.356 10651 0.044 0.108 0.099 0.954 0.927 0.649 0.693 0.264 0.245
96 fcst vd 961227 12290 -0.295 0.437 0.323 0.634 0.528 0.598 0.303 0.292 0.362 10743 0.053 0.121 0.109 0.941 0.912 0.648 0.701 0.265 0.240
120 fcst vd 961227 12289 -0.301 0.453 0.338 0.619 0.498 0.598 0.296 0.292 0.369 10768 0.053 0.136 0.125 0.924 0.882 0.647 0.700 0.265 0.235
144 fcst vd 961227 12289 -0.285 0.440 0.336 0.633 0.516 0.598 0.313 0.292 0.375 10807 0.071 0.150 0.132 0.908 0.868 0.647 0.718 0.265 0.235
168 fcst vd 961227 12289 -0.275 0.433 0.334 0.639 0.518 0.598 0.323 0.292 0.373 10733 0.078 0.166 0.147 0.885 0.834 0.647 0.725 0.265 0.231
24 fcst vd 961231 11045 -0.210 0.348 0.278 0.725 0.625 0.598 0.388 0.299 0.338 9582 0.017 0.071 0.069 0.982 0.967 0.651 0.668 0.269 0.267
48 fcst vd 961231 11044 -0.335 0.469 0.328 0.607 0.503 0.598 0.263 0.299 0.352 9503 0.024 0.089 0.085 0.971 0.948 0.653 0.677 0.268 0.260
72 fcst vd 961231 11044 -0.320 0.456 0.325 0.620 0.517 0.598 0.279 0.299 0.354 9646 0.033 0.106 0.101 0.958 0.927 0.651 0.684 0.270 0.252
96 fcst vd 961231 11045 -0.278 0.413 0.306 0.658 0.564 0.598 0.320 0.299 0.349 9605 0.043 0.116 0.108 0.948 0.918 0.648 0.691 0.271 0.243
120 fcst vd 961231 11044 -0.307 0.447 0.326 0.628 0.522 0.598 0.292 0.299 0.359 9694 0.057 0.128 0.115 0.937 0.907 0.648 0.705 0.272 0.241
144 fcst vd 961231 11044 -0.281 0.430 0.325 0.648 0.539 0.598 0.317 0.299 0.366 9681 0.069 0.148 0.131 0.914 0.877 0.648 0.716 0.272 0.236
168 fcst vd 961231 11045 -0.275 0.436 0.338 0.634 0.497 0.598 0.324 0.299 0.366 9719 0.080 0.161 0.139 0.898 0.860 0.647 0.727 0.273 0.233
24 fcst vd 970103 10610 -0.212 0.334 0.259 0.755 0.681 0.575 0.363 0.311 0.334 9011 0.006 0.067 0.067 0.985 0.971 0.644 0.650 0.280 0.272
48 fcst vd 970103 10608 -0.348 0.479 0.329 0.603 0.484 0.575 0.226 0.311 0.335 9031 0.024 0.090 0.086 0.972 0.951 0.644 0.668 0.280 0.263
72 fcst vd 970103 10608 -0.312 0.439 0.309 0.646 0.555 0.575 0.263 0.311 0.342 8992 0.029 0.102 0.097 0.963 0.937 0.647 0.676 0.278 0.258
96 fcst vd 970103 10609 -0.306 0.443 0.320 0.642 0.533 0.575 0.269 0.311 0.348 8938 0.046 0.117 0.107 0.952 0.924 0.643 0.689 0.280 0.258
120 fcst vd 970103 10608 -0.309 0.454 0.332 0.632 0.507 0.575 0.266 0.311 0.354 8865 0.054 0.126 0.114 0.943 0.913 0.646 0.699 0.279 0.251
144 fcst vd 970103 10608 -0.280 0.427 0.322 0.658 0.541 0.575 0.294 0.311 0.356 9033 0.060 0.142 0.128 0.926 0.890 0.643 0.703 0.281 0.245
168 fcst vd 970103 10609 -0.248 0.394 0.306 0.688 0.574 0.575 0.327 0.311 0.348 8990 0.068 0.150 0.134 0.915 0.879 0.640 0.708 0.281 0.238
24 fcst vd 970105 10099 -0.218 0.344 0.265 0.749 0.673 0.566 0.347 0.319 0.336 8299 0.016 0.071 0.069 0.984 0.970 0.644 0.659 0.284 0.276
48 fcst vd 970105 10097 -0.324 0.454 0.319 0.630 0.518 0.566 0.242 0.318 0.330 8381 0.030 0.094 0.089 0.970 0.950 0.641 0.672 0.285 0.267
72 fcst vd 970105 10097 -0.326 0.456 0.320 0.627 0.515 0.566 0.240 0.318 0.330 8484 0.035 0.110 0.104 0.959 0.932 0.640 0.675 0.286 0.261
96 fcst vd 970105 10097 -0.339 0.475 0.332 0.612 0.491 0.566 0.227 0.318 0.339 8497 0.054 0.126 0.113 0.945 0.920 0.638 0.692 0.287 0.252
120 fcst vd 970105 10097 -0.301 0.434 0.312 0.657 0.560 0.566 0.265 0.318 0.346 8515 0.057 0.135 0.122 0.935 0.905 0.639 0.696 0.287 0.249
144 fcst vd 970105 10097 -0.288 0.434 0.324 0.656 0.535 0.566 0.277 0.318 0.351 8422 0.073 0.148 0.129 0.923 0.894 0.638 0.711 0.287 0.248
168 fcst vd 970105 10097 -0.295 0.444 0.331 0.648 0.525 0.566 0.270 0.318 0.358 8350 0.080 0.159 0.137 0.909 0.879 0.640 0.720 0.287 0.241
24 fcst vd 970106 9593 -0.201 0.329 0.260 0.761 0.679 0.574 0.373 0.317 0.332 8134 0.015 0.063 0.061 0.988 0.977 0.639 0.654 0.288 0.280
48 fcst vd 970106 9590 -0.333 0.467 0.327 0.615 0.494 0.574 0.241 0.317 0.334 8067 0.030 0.089 0.084 0.974 0.957 0.639 0.669 0.288 0.273
72 fcst vd 970106 9590 -0.316 0.456 0.329 0.623 0.489 0.574 0.258 0.317 0.334 8130 0.044 0.108 0.099 0.961 0.940 0.638 0.681 0.289 0.264
96 fcst vd 970106 9591 -0.322 0.462 0.332 0.617 0.481 0.574 0.252 0.317 0.334 8199 0.048 0.121 0.111 0.950 0.924 0.637 0.685 0.290 0.258
120 fcst vd 970106 9590 -0.335 0.478 0.341 0.607 0.470 0.574 0.239 0.317 0.345 8219 0.065 0.139 0.123 0.932 0.906 0.637 0.701 0.290 0.250
144 fcst vd 970106 9590 -0.295 0.436 0.321 0.650 0.538 0.574 0.279 0.317 0.349 8233 0.068 0.149 0.133 0.921 0.889 0.637 0.705 0.289 0.247
168 fcst vd 970106 9591 -0.283 0.439 0.336 0.646 0.503 0.574 0.291 0.317 0.354 8140 0.084 0.162 0.138 0.908 0.879 0.638 0.722 0.289 0.245
24 fcst vd 970109 8735 -0.213 0.346 0.273 0.737 0.641 0.583 0.370 0.318 0.326 7427 0.013 0.061 0.060 0.988 0.978 0.644 0.657 0.289 0.281
48 fcst vd 970109 8734 -0.348 0.483 0.335 0.593 0.454 0.583 0.234 0.318 0.323 7472 0.025 0.078 0.074 0.981 0.967 0.643 0.669 0.291 0.279
72 fcst vd 970109 8736 -0.334 0.475 0.337 0.602 0.462 0.582 0.248 0.318 0.331 7490 0.031 0.093 0.087 0.973 0.955 0.643 0.674 0.292 0.274
96 fcst vd 970109 8734 -0.319 0.467 0.341 0.609 0.459 0.583 0.264 0.318 0.337 7516 0.045 0.110 0.100 0.961 0.940 0.641 0.686 0.293 0.267
120 fcst vd 970109 8734 -0.316 0.464 0.340 0.614 0.469 0.583 0.267 0.318 0.341 7471 0.057 0.131 0.118 0.944 0.916 0.640 0.698 0.293 0.263
144 fcst vd 970109 8736 -0.304 0.460 0.346 0.613 0.452 0.582 0.279 0.318 0.341 7557 0.069 0.148 0.131 0.927 0.896 0.638 0.706 0.294 0.258
168 fcst vd 970109 8734 -0.301 0.457 0.343 0.618 0.462 0.583 0.281 0.318 0.343 7619 0.071 0.158 0.142 0.915 0.878 0.638 0.708 0.295 0.253
24 fcst vd 970110 8759 -0.227 0.360 0.280 0.721 0.625 0.579 0.352 0.318 0.328 7290 0.009 0.067 0.066 0.987 0.974 0.647 0.656 0.290 0.286
48 fcst vd 970110 8756 -0.346 0.478 0.330 0.596 0.464 0.579 0.233 0.318 0.319 7224 0.021 0.080 0.077 0.980 0.963 0.648 0.669 0.288 0.277
72 fcst vd 970110 8754 -0.343 0.479 0.335 0.596 0.454 0.579 0.237 0.318 0.324 7264 0.032 0.096 0.090 0.971 0.951 0.647 0.679 0.290 0.276
96 fcst vd 970110 8754 -0.335 0.478 0.341 0.598 0.450 0.579 0.244 0.318 0.332 7230 0.037 0.107 0.100 0.963 0.939 0.649 0.687 0.290 0.270
120 fcst vd 970110 8758 -0.322 0.473 0.347 0.600 0.440 0.579 0.258 0.318 0.337 7268 0.051 0.124 0.113 0.949 0.921 0.647 0.698 0.291 0.264
144 fcst vd 970110 8753 -0.313 0.462 0.340 0.614 0.468 0.579 0.267 0.318 0.341 7243 0.062 0.141 0.127 0.933 0.900 0.646 0.708 0.291 0.261
168 fcst vd 970110 8754 -0.306 0.463 0.348 0.610 0.445 0.579 0.274 0.318 0.342 7326 0.072 0.155 0.138 0.919 0.882 0.643 0.715 0.292 0.256
24 fcst vd 970111 8808 -0.218 0.340 0.261 0.757 0.684 0.560 0.341 0.325 0.331 7072 0.010 0.074 0.074 0.983 0.967 0.647 0.657 0.289 0.285
48 fcst vd 970111 8807 -0.342 0.474 0.328 0.605 0.471 0.560 0.217 0.325 0.314 7000 0.018 0.083 0.081 0.978 0.959 0.651 0.669 0.287 0.279
72 fcst vd 970111 8808 -0.333 0.469 0.330 0.609 0.471 0.560 0.226 0.325 0.316 6990 0.031 0.100 0.095 0.967 0.943 0.648 0.679 0.287 0.271
96 fcst vd 970111 8807 -0.332 0.473 0.338 0.605 0.452 0.560 0.228 0.325 0.320 7046 0.044 0.123 0.114 0.951 0.919 0.646 0.690 0.290 0.271
120 fcst vd 970111 8807 -0.321 0.465 0.337 0.615 0.466 0.560 0.239 0.325 0.327 6970 0.045 0.120 0.111 0.952 0.922 0.651 0.696 0.287 0.265
144 fcst vd 970111 8808 -0.307 0.460 0.342 0.620 0.463 0.560 0.252 0.325 0.335 7011 0.058 0.136 0.122 0.938 0.905 0.649 0.707 0.288 0.260
168 fcst vd 970111 8807 -0.304 0.459 0.344 0.619 0.459 0.560 0.255 0.325 0.336 6976 0.069 0.150 0.133 0.923 0.887 0.648 0.717 0.288 0.256
24 fcst vd 970113 8654 -0.231 0.357 0.272 0.733 0.649 0.537 0.306 0.321 0.328 6793 0.019 0.083 0.081 0.979 0.960 0.639 0.658 0.283 0.287
48 fcst vd 970113 8652 -0.339 0.467 0.321 0.609 0.478 0.537 0.198 0.321 0.307 6723 0.030 0.098 0.094 0.969 0.944 0.637 0.666 0.282 0.280
72 fcst vd 970113 8652 -0.326 0.455 0.317 0.623 0.498 0.537 0.212 0.321 0.312 6789 0.037 0.110 0.104 0.961 0.932 0.638 0.675 0.284 0.279
96 fcst vd 970113 8652 -0.318 0.450 0.318 0.628 0.503 0.537 0.219 0.321 0.317 6752 0.046 0.122 0.112 0.952 0.919 0.638 0.684 0.284 0.275
120 fcst vd 970113 8653 -0.306 0.439 0.314 0.639 0.519 0.537 0.231 0.321 0.320 6718 0.057 0.133 0.120 0.940 0.906 0.637 0.694 0.283 0.267
144 fcst vd 970113 8652 -0.300 0.438 0.318 0.641 0.515 0.537 0.237 0.321 0.326 6784 0.067 0.147 0.130 0.928 0.891 0.635 0.701 0.285 0.268
168 fcst vd 970113 8652 -0.294 0.440 0.326 0.639 0.498 0.537 0.243 0.321 0.331 6744 0.072 0.150 0.131 0.923 0.887 0.638 0.710 0.284 0.261
24 fcst vd 970114 8062 -0.231 0.357 0.272 0.726 0.636 0.561 0.330 0.321 0.318 6640 0.008 0.075 0.074 0.982 0.966 0.638 0.646 0.289 0.279
48 fcst vd 970114 8062 -0.350 0.476 0.324 0.599 0.473 0.561 0.211 0.321 0.308 6696 0.026 0.091 0.088 0.974 0.953 0.639 0.665 0.290 0.283
72 fcst vd 970114 8062 -0.349 0.486 0.339 0.587 0.427 0.561 0.212 0.321 0.311 6608 0.037 0.108 0.102 0.962 0.935 0.639 0.676 0.287 0.276
96 fcst vd 970114 8062 -0.331 0.466 0.328 0.611 0.473 0.561 0.230 0.321 0.319 6709 0.044 0.117 0.109 0.956 0.927 0.637 0.681 0.290 0.276
120 fcst vd 970114 8062 -0.332 0.473 0.336 0.603 0.451 0.561 0.228 0.321 0.321 6651 0.053 0.130 0.119 0.946 0.913 0.639 0.692 0.290 0.271
144 fcst vd 970114 8062 -0.318 0.456 0.327 0.621 0.490 0.561 0.243 0.321 0.326 6633 0.063 0.143 0.128 0.932 0.897 0.636 0.700 0.290 0.265
168 fcst vd 970114 8062 -0.306 0.453 0.334 0.624 0.478 0.561 0.255 0.321 0.331 6674 0.073 0.157 0.139 0.919 0.878 0.636 0.709 0.291 0.265
24 fcst vd 970115 7818 -0.215 0.343 0.268 0.744 0.655 0.566 0.351 0.324 0.320 6497 0.006 0.066 0.065 0.987 0.974 0.646 0.652 0.290 0.283
48 fcst vd 970115 7815 -0.340 0.472 0.328 0.607 0.468 0.566 0.227 0.324 0.311 6483 0.014 0.089 0.087 0.975 0.954 0.644 0.658 0.291 0.274
72 fcst vd 970115 7815 -0.349 0.478 0.327 0.602 0.475 0.566 0.217 0.324 0.313 6543 0.031 0.101 0.096 0.968 0.944 0.644 0.676 0.291 0.279
96 fcst vd 970115 7817 -0.352 0.492 0.344 0.585 0.421 0.566 0.214 0.324 0.315 6501 0.042 0.118 0.111 0.955 0.925 0.641 0.683 0.291 0.273
120 fcst vd 970115 7815 -0.336 0.474 0.335 0.604 0.456 0.566 0.231 0.324 0.319 6564 0.048 0.127 0.118 0.948 0.915 0.642 0.690 0.292 0.273
144 fcst vd 970115 7816 -0.322 0.463 0.332 0.617 0.478 0.566 0.244 0.324 0.326 6516 0.057 0.139 0.127 0.937 0.901 0.644 0.700 0.292 0.268
168 fcst vd 970115 7815 -0.313 0.457 0.332 0.622 0.483 0.566 0.253 0.324 0.330 6508 0.066 0.151 0.136 0.924 0.886 0.640 0.707 0.293 0.263
24 fcst vd 970116 7457 -0.259 0.395 0.299 0.683 0.572 0.572 0.313 0.317 0.328 6358 0.012 0.075 0.074 0.983 0.967 0.641 0.653 0.287 0.287
48 fcst vd 970116 7456 -0.368 0.497 0.334 0.576 0.426 0.572 0.203 0.317 0.306 6367 0.018 0.085 0.083 0.977 0.958 0.638 0.656 0.288 0.282
72 fcst vd 970116 7456 -0.340 0.469 0.323 0.605 0.475 0.572 0.232 0.317 0.314 6359 0.025 0.098 0.095 0.969 0.944 0.637 0.662 0.289 0.272
96 fcst vd 970116 7456 -0.345 0.473 0.323 0.601 0.477 0.572 0.226 0.317 0.314 6408 0.042 0.115 0.107 0.958 0.929 0.638 0.680 0.289 0.277
120 fcst vd 970116 7457 -0.350 0.489 0.341 0.582 0.418 0.572 0.222 0.317 0.316 6371 0.053 0.133 0.122 0.943 0.907 0.634 0.687 0.288 0.272
144 fcst vd 970116 7456 -0.329 0.468 0.333 0.604 0.456 0.572 0.243 0.317 0.322 6436 0.060 0.139 0.126 0.938 0.902 0.635 0.695 0.290 0.272
168 fcst vd 970116 7456 -0.321 0.462 0.332 0.611 0.469 0.572 0.250 0.317 0.327 6381 0.067 0.150 0.134 0.926 0.886 0.637 0.705 0.290 0.267
24 fcst vd 970117 7726 -0.248 0.376 0.282 0.706 0.612 0.557 0.309 0.323 0.318 6210 0.010 0.080 0.080 0.980 0.961 0.640 0.650 0.290 0.283
48 fcst vd 970117 7724 -0.377 0.503 0.334 0.573 0.427 0.557 0.180 0.323 0.300 6261 0.022 0.084 0.081 0.978 0.961 0.639 0.662 0.291 0.284
72 fcst vd 970117 7723 -0.363 0.494 0.334 0.579 0.427 0.557 0.194 0.323 0.301 6293 0.027 0.099 0.095 0.970 0.946 0.636 0.663 0.292 0.280
96 fcst vd 970117 7723 -0.336 0.467 0.325 0.609 0.477 0.557 0.221 0.323 0.312 6279 0.034 0.114 0.109 0.959 0.929 0.634 0.667 0.293 0.272
120 fcst vd 970117 7724 -0.345 0.478 0.331 0.596 0.455 0.557 0.212 0.323 0.312 6339 0.050 0.135 0.126 0.943 0.904 0.635 0.685 0.293 0.277
144 fcst vd 970117 7724 -0.347 0.488 0.343 0.584 0.417 0.557 0.210 0.323 0.313 6289 0.061 0.147 0.134 0.930 0.889 0.631 0.692 0.292 0.272
168 fcst vd 970117 7723 -0.324 0.465 0.333 0.609 0.463 0.557 0.233 0.323 0.320 6397 0.068 0.154 0.138 0.925 0.884 0.631 0.699 0.294 0.271
24 fcst vd 970120 7525 -0.244 0.371 0.280 0.714 0.625 0.551 0.307 0.323 0.323 5795 0.006 0.074 0.073 0.984 0.968 0.637 0.643 0.291 0.287
48 fcst vd 970120 7523 -0.364 0.485 0.320 0.589 0.470 0.551 0.187 0.323 0.298 5885 0.019 0.093 0.091 0.973 0.950 0.632 0.651 0.292 0.285
72 fcst vd 970120 7523 -0.354 0.484 0.330 0.584 0.437 0.551 0.197 0.323 0.297 5868 0.022 0.105 0.103 0.965 0.936 0.635 0.656 0.292 0.281
96 fcst vd 970120 7524 -0.350 0.478 0.325 0.589 0.452 0.551 0.201 0.323 0.297 5809 0.032 0.117 0.113 0.956 0.922 0.634 0.666 0.292 0.274
120 fcst vd 970120 7524 -0.376 0.511 0.345 0.560 0.381 0.551 0.175 0.323 0.297 5860 0.044 0.125 0.117 0.950 0.916 0.634 0.678 0.292 0.275
144 fcst vd 970120 7523 -0.352 0.491 0.343 0.576 0.402 0.551 0.200 0.323 0.304 5897 0.047 0.134 0.126 0.943 0.904 0.630 0.676 0.294 0.274
168 fcst vd 970120 7523 -0.327 0.472 0.340 0.596 0.425 0.551 0.224 0.323 0.312 5871 0.052 0.152 0.142 0.925 0.876 0.628 0.680 0.295 0.267
24 fcst vd 970121 7416 -0.264 0.396 0.296 0.683 0.576 0.566 0.302 0.319 0.323 5710 0.010 0.071 0.070 0.985 0.971 0.632 0.642 0.292 0.289
48 fcst vd 970121 7417 -0.376 0.500 0.329 0.568 0.426 0.566 0.190 0.319 0.294 5662 0.016 0.086 0.085 0.977 0.957 0.643 0.659 0.291 0.281
72 fcst vd 970121 7416 -0.367 0.488 0.322 0.584 0.469 0.566 0.199 0.319 0.304 5748 0.030 0.099 0.094 0.969 0.947 0.637 0.667 0.292 0.279
96 fcst vd 970121 7416 -0.368 0.499 0.337 0.565 0.405 0.566 0.198 0.319 0.297 5787 0.029 0.119 0.115 0.956 0.920 0.637 0.666 0.293 0.279
120 fcst vd 970121 7416 -0.367 0.496 0.333 0.569 0.417 0.566 0.198 0.319 0.297 5743 0.040 0.126 0.119 0.949 0.914 0.637 0.677 0.293 0.271
144 fcst vd 970121 7416 -0.386 0.519 0.347 0.551 0.376 0.566 0.180 0.319 0.301 5803 0.052 0.134 0.124 0.943 0.907 0.636 0.688 0.294 0.272
168 fcst vd 970121 7416 -0.367 0.508 0.351 0.555 0.365 0.566 0.199 0.319 0.304 5841 0.056 0.142 0.131 0.935 0.897 0.631 0.687 0.295 0.270
24 fcst vd 970122 6677 -0.240 0.369 0.280 0.716 0.623 0.555 0.315 0.320 0.325 5465 0.011 0.075 0.074 0.982 0.966 0.640 0.651 0.284 0.285
48 fcst vd 970122 6675 -0.378 0.507 0.338 0.559 0.385 0.555 0.177 0.320 0.287 5463 0.022 0.092 0.089 0.973 0.951 0.634 0.656 0.286 0.281
72 fcst vd 970122 6676 -0.357 0.484 0.327 0.583 0.439 0.555 0.198 0.320 0.296 5414 0.028 0.098 0.094 0.968 0.943 0.641 0.669 0.284 0.275
96 fcst vd 970122 6675 -0.347 0.471 0.318 0.600 0.484 0.555 0.208 0.320 0.306 5489 0.042 0.107 0.098 0.963 0.939 0.636 0.677 0.286 0.273
120 fcst vd 970122 6675 -0.347 0.480 0.332 0.582 0.429 0.555 0.208 0.320 0.301 5486 0.042 0.114 0.106 0.958 0.929 0.637 0.679 0.286 0.271
144 fcst vd 970122 6675 -0.340 0.473 0.329 0.589 0.440 0.555 0.215 0.320 0.300 5464 0.051 0.129 0.118 0.944 0.911 0.637 0.687 0.286 0.265
168 fcst vd 970122 6674 -0.370 0.505 0.344 0.564 0.394 0.555 0.185 0.320 0.303 5514 0.063 0.140 0.125 0.935 0.901 0.636 0.699 0.287 0.266
24 fcst vd 970112 8337 -0.228 0.369 0.291 0.711 0.595 0.576 0.348 0.322 0.323 6911 0.012 0.070 0.069 0.985 0.971 0.647 0.658 0.291 0.284
48 fcst vd 970112 8337 -0.348 0.481 0.332 0.597 0.459 0.576 0.228 0.322 0.316 6966 0.021 0.085 0.083 0.977 0.959 0.649 0.669 0.291 0.281
72 fcst vd 970112 8337 -0.348 0.484 0.337 0.596 0.452 0.576 0.228 0.322 0.321 6939 0.028 0.098 0.094 0.970 0.947 0.649 0.678 0.291 0.278
96 fcst vd 970112 8337 -0.333 0.471 0.333 0.608 0.472 0.576 0.243 0.322 0.325 6908 0.041 0.108 0.100 0.962 0.939 0.647 0.688 0.291 0.270
120 fcst vd 970112 8337 -0.330 0.473 0.339 0.606 0.459 0.576 0.246 0.322 0.329 6952 0.051 0.123 0.112 0.951 0.923 0.646 0.697 0.292 0.269
144 fcst vd 970112 8337 -0.319 0.469 0.343 0.610 0.456 0.576 0.257 0.322 0.336 6922 0.054 0.132 0.120 0.942 0.911 0.649 0.703 0.292 0.264
168 fcst vd 970112 8337 -0.304 0.461 0.346 0.618 0.458 0.576 0.272 0.322 0.342 6968 0.067 0.147 0.131 0.927 0.893 0.646 0.713 0.292 0.259
24 fcst vd 970118 7943 -0.239 0.364 0.275 0.721 0.633 0.543 0.304 0.324 0.316 6154 0.003 0.074 0.074 0.983 0.967 0.643 0.646 0.291 0.287
48 fcst vd 970118 7943 -0.351 0.474 0.318 0.598 0.475 0.543 0.191 0.324 0.294 6110 0.012 0.082 0.081 0.979 0.960 0.644 0.655 0.291 0.280
72 fcst vd 970118 7943 -0.368 0.497 0.334 0.578 0.427 0.543 0.175 0.324 0.297 6144 0.025 0.088 0.084 0.976 0.957 0.644 0.669 0.291 0.280
96 fcst vd 970118 7943 -0.348 0.481 0.332 0.593 0.442 0.543 0.195 0.324 0.303 6185 0.029 0.103 0.099 0.967 0.941 0.640 0.669 0.292 0.278
120 fcst vd 970118 7943 -0.325 0.460 0.326 0.616 0.475 0.543 0.218 0.324 0.311 6222 0.034 0.120 0.115 0.955 0.921 0.634 0.668 0.296 0.274
144 fcst vd 970118 7943 -0.329 0.461 0.323 0.613 0.484 0.543 0.214 0.324 0.312 6212 0.052 0.135 0.125 0.942 0.906 0.640 0.691 0.293 0.275
168 fcst vd 970118 7943 -0.330 0.472 0.337 0.603 0.444 0.543 0.213 0.324 0.315 6161 0.062 0.148 0.134 0.930 0.889 0.637 0.698 0.292 0.270
24 fcst vd 970119 7505 -0.229 0.351 0.267 0.741 0.665 0.549 0.320 0.324 0.327 5949 0.013 0.073 0.072 0.984 0.969 0.642 0.655 0.289 0.286
48 fcst vd 970119 7504 -0.353 0.480 0.325 0.594 0.460 0.549 0.196 0.324 0.300 5894 0.014 0.093 0.092 0.973 0.948 0.648 0.662 0.287 0.282
72 fcst vd 970119 7504 -0.346 0.472 0.321 0.600 0.474 0.549 0.203 0.324 0.299 5871 0.024 0.106 0.103 0.964 0.935 0.646 0.670 0.288 0.276
96 fcst vd 970119 7506 -0.362 0.494 0.336 0.581 0.427 0.549 0.186 0.324 0.303 5903 0.037 0.110 0.103 0.961 0.934 0.647 0.684 0.288 0.274
120 fcst vd 970119 7504 -0.350 0.488 0.340 0.585 0.420 0.549 0.199 0.324 0.307 5944 0.040 0.118 0.111 0.955 0.924 0.643 0.683 0.290 0.273
144 fcst vd 970119 7504 -0.321 0.463 0.334 0.611 0.456 0.549 0.228 0.324 0.316 5939 0.046 0.137 0.129 0.938 0.897 0.639 0.685 0.292 0.267
168 fcst vd 970119 7505 -0.324 0.461 0.328 0.614 0.477 0.549 0.225 0.324 0.318 5974 0.064 0.151 0.137 0.925 0.883 0.642 0.707 0.290 0.269
24 fcst vd 970123 6931 -0.260 0.392 0.294 0.687 0.582 0.560 0.300 0.319 0.324 5411 0.008 0.079 0.078 0.981 0.963 0.634 0.641 0.288 0.284
48 fcst vd 970123 6929 -0.384 0.505 0.328 0.566 0.430 0.560 0.176 0.319 0.294 5484 0.019 0.092 0.090 0.974 0.951 0.637 0.656 0.289 0.284
72 fcst vd 970123 6929 -0.382 0.510 0.338 0.556 0.385 0.560 0.178 0.319 0.290 5476 0.029 0.099 0.094 0.970 0.946 0.631 0.661 0.289 0.281
96 fcst vd 970123 6930 -0.358 0.483 0.324 0.589 0.461 0.560 0.202 0.319 0.304 5468 0.034 0.112 0.106 0.960 0.930 0.641 0.675 0.289 0.275
120 fcst vd 970123 6929 -0.349 0.475 0.322 0.597 0.479 0.560 0.210 0.319 0.311 5544 0.047 0.118 0.108 0.955 0.928 0.636 0.683 0.291 0.274
144 fcst vd 970123 6930 -0.348 0.480 0.330 0.589 0.449 0.560 0.211 0.319 0.310 5561 0.047 0.128 0.119 0.947 0.912 0.636 0.684 0.291 0.273
168 fcst vd 970123 6930 -0.345 0.477 0.330 0.588 0.442 0.560 0.215 0.319 0.306 5518 0.057 0.137 0.125 0.939 0.904 0.636 0.693 0.292 0.266
24 fcst vd 970125 6684 -0.217 0.327 0.245 0.779 0.726 0.547 0.330 0.330 0.332 5387 0.006 0.062 0.062 0.989 0.978 0.636 0.642 0.298 0.291
48 fcst vd 970125 6681 -0.332 0.445 0.295 0.641 0.569 0.547 0.215 0.330 0.304 5347 0.008 0.077 0.076 0.982 0.966 0.639 0.647 0.296 0.286
72 fcst vd 970125 6680 -0.357 0.477 0.317 0.601 0.486 0.547 0.190 0.330 0.291 5182 0.016 0.095 0.094 0.972 0.947 0.641 0.657 0.293 0.278
96 fcst vd 970125 6682 -0.370 0.498 0.333 0.580 0.431 0.547 0.177 0.330 0.291 5325 0.027 0.112 0.108 0.962 0.931 0.637 0.664 0.297 0.282
120 fcst vd 970125 6682 -0.368 0.501 0.340 0.576 0.406 0.547 0.179 0.330 0.291 5305 0.036 0.117 0.111 0.958 0.927 0.631 0.667 0.298 0.280
144 fcst vd 970125 6680 -0.352 0.484 0.332 0.595 0.446 0.547 0.195 0.330 0.299 5314 0.042 0.126 0.119 0.950 0.916 0.641 0.683 0.297 0.274
168 fcst vd 970125 6681 -0.329 0.459 0.320 0.625 0.508 0.547 0.218 0.330 0.315 5427 0.055 0.132 0.120 0.947 0.917 0.632 0.687 0.300 0.275
24 fcst vd 970127 7103 -0.227 0.349 0.265 0.751 0.675 0.528 0.301 0.333 0.324 5294 0.003 0.063 0.063 0.989 0.978 0.631 0.633 0.301 0.297
48 fcst vd 970127 7102 -0.350 0.473 0.318 0.610 0.486 0.528 0.178 0.333 0.290 5224 0.011 0.074 0.073 0.984 0.970 0.634 0.645 0.300 0.294
72 fcst vd 970127 7101 -0.338 0.451 0.299 0.636 0.556 0.528 0.190 0.333 0.297 5291 0.016 0.093 0.092 0.975 0.952 0.631 0.647 0.302 0.290
96 fcst vd 970127 7102 -0.331 0.449 0.303 0.632 0.539 0.528 0.197 0.333 0.295 5255 0.018 0.102 0.100 0.969 0.943 0.633 0.652 0.300 0.284
120 fcst vd 970127 7101 -0.348 0.470 0.316 0.608 0.489 0.528 0.180 0.333 0.287 5193 0.025 0.110 0.108 0.963 0.933 0.632 0.658 0.299 0.279
144 fcst vd 970127 7101 -0.361 0.493 0.335 0.582 0.420 0.528 0.167 0.333 0.286 5305 0.037 0.124 0.119 0.954 0.920 0.629 0.666 0.303 0.283
168 fcst vd 970127 7102 -0.358 0.492 0.337 0.583 0.414 0.528 0.169 0.333 0.286 5289 0.045 0.132 0.124 0.947 0.912 0.625 0.670 0.302 0.280
24 fcst vd 970204 6852 -0.209 0.321 0.244 0.799 0.745 0.488 0.279 0.332 0.350 4796 0.019 0.114 0.112 0.963 0.930 0.624 0.643 0.303 0.295
48 fcst vd 970204 6852 -0.269 0.377 0.265 0.732 0.678 0.488 0.220 0.332 0.329 4587 0.017 0.088 0.086 0.978 0.958 0.639 0.656 0.296 0.294
72 fcst vd 970204 6852 -0.266 0.375 0.264 0.735 0.682 0.488 0.222 0.332 0.329 4601 0.020 0.106 0.104 0.968 0.939 0.635 0.654 0.297 0.296
96 fcst vd 970204 6852 -0.280 0.380 0.257 0.728 0.693 0.488 0.209 0.332 0.324 4647 0.018 0.108 0.107 0.966 0.936 0.634 0.652 0.300 0.295
120 fcst vd 970204 6852 -0.301 0.419 0.292 0.671 0.584 0.488 0.187 0.332 0.305 4468 0.023 0.118 0.116 0.958 0.921 0.645 0.668 0.294 0.289
144 fcst vd 970204 6852 -0.285 0.407 0.290 0.683 0.594 0.488 0.203 0.332 0.310 4582 0.030 0.127 0.123 0.953 0.914 0.634 0.664 0.299 0.295
168 fcst vd 970204 6852 -0.297 0.418 0.294 0.664 0.568 0.488 0.191 0.332 0.298 4666 0.039 0.134 0.128 0.949 0.908 0.623 0.662 0.299 0.298
24 fcst vd 970205 6092 -0.218 0.336 0.256 0.788 0.734 0.534 0.316 0.334 0.364 4610 0.004 0.068 0.068 0.987 0.975 0.634 0.638 0.307 0.298
48 fcst vd 970205 6092 -0.287 0.400 0.279 0.714 0.662 0.534 0.247 0.334 0.345 4694 0.011 0.081 0.080 0.982 0.966 0.629 0.640 0.309 0.297
72 fcst vd 970205 6092 -0.287 0.408 0.289 0.703 0.633 0.534 0.247 0.334 0.342 4537 0.022 0.099 0.097 0.972 0.949 0.638 0.660 0.305 0.294
96 fcst vd 970205 6092 -0.287 0.403 0.283 0.707 0.645 0.534 0.247 0.334 0.338 4533 0.024 0.115 0.113 0.962 0.930 0.635 0.659 0.306 0.295
120 fcst vd 970205 6092 -0.299 0.408 0.278 0.700 0.653 0.534 0.235 0.334 0.334 4581 0.020 0.123 0.122 0.957 0.919 0.637 0.657 0.306 0.294
144 fcst vd 970205 6092 -0.320 0.447 0.312 0.645 0.541 0.534 0.214 0.334 0.317 4467 0.028 0.128 0.125 0.953 0.913 0.640 0.668 0.306 0.291
168 fcst vd 970205 6092 -0.301 0.434 0.312 0.655 0.546 0.534 0.233 0.334 0.321 4511 0.034 0.136 0.131 0.947 0.904 0.637 0.671 0.305 0.293
24 fcst vd 970206 5893 -0.185 0.306 0.244 0.824 0.768 0.538 0.352 0.340 0.371 4568 0.005 0.064 0.064 0.989 0.978 0.638 0.644 0.308 0.304
48 fcst vd 970206 5893 -0.272 0.382 0.268 0.748 0.710 0.538 0.266 0.340 0.362 4491 0.010 0.079 0.078 0.982 0.967 0.642 0.652 0.307 0.292
72 fcst vd 970206 5893 -0.264 0.383 0.277 0.742 0.686 0.538 0.274 0.340 0.358 4569 0.018 0.094 0.092 0.975 0.955 0.640 0.657 0.308 0.290
96 fcst vd 970206 5893 -0.286 0.413 0.298 0.702 0.619 0.538 0.252 0.340 0.344 4489 0.027 0.105 0.101 0.969 0.944 0.640 0.667 0.307 0.291
120 fcst vd 970206 5893 -0.285 0.410 0.294 0.706 0.628 0.538 0.252 0.340 0.343 4487 0.028 0.119 0.116 0.959 0.926 0.638 0.666 0.307 0.292
144 fcst vd 970206 5893 -0.288 0.405 0.285 0.710 0.650 0.538 0.249 0.340 0.342 4449 0.028 0.122 0.119 0.957 0.922 0.645 0.673 0.307 0.288
168 fcst vd 970206 5893 -0.297 0.424 0.302 0.681 0.593 0.538 0.241 0.340 0.330 4415 0.032 0.131 0.127 0.950 0.910 0.645 0.677 0.307 0.287
24 fcst vd 970124 7063 -0.240 0.361 0.270 0.727 0.652 0.548 0.308 0.324 0.323 5458 0.003 0.067 0.067 0.986 0.973 0.639 0.641 0.292 0.289
48 fcst vd 970124 7062 -0.362 0.480 0.316 0.591 0.474 0.548 0.187 0.324 0.290 5301 0.011 0.084 0.083 0.978 0.958 0.639 0.650 0.289 0.281
72 fcst vd 970124 7062 -0.369 0.493 0.327 0.578 0.440 0.548 0.179 0.324 0.292 5456 0.021 0.100 0.098 0.970 0.943 0.636 0.657 0.293 0.285
96 fcst vd 970124 7062 -0.375 0.507 0.341 0.562 0.386 0.548 0.173 0.324 0.288 5425 0.031 0.108 0.104 0.964 0.935 0.631 0.662 0.293 0.281
120 fcst vd 970124 7062 -0.356 0.485 0.329 0.589 0.446 0.548 0.192 0.324 0.301 5423 0.037 0.117 0.111 0.957 0.926 0.642 0.679 0.292 0.275
144 fcst vd 970124 7062 -0.346 0.475 0.326 0.597 0.467 0.548 0.202 0.324 0.307 5554 0.049 0.125 0.115 0.952 0.922 0.632 0.681 0.296 0.277
168 fcst vd 970124 7062 -0.341 0.477 0.334 0.593 0.442 0.548 0.207 0.324 0.307 5550 0.050 0.131 0.121 0.947 0.913 0.633 0.683 0.296 0.275
24 fcst vd 970126 6837 -0.250 0.374 0.278 0.723 0.640 0.545 0.295 0.327 0.330 5275 0.008 0.061 0.061 0.989 0.979 0.637 0.645 0.296 0.294
48 fcst vd 970126 6834 -0.344 0.453 0.295 0.632 0.562 0.545 0.202 0.327 0.303 5354 0.014 0.078 0.077 0.982 0.966 0.634 0.648 0.298 0.289
72 fcst vd 970126 6836 -0.338 0.454 0.303 0.623 0.535 0.545 0.207 0.327 0.299 5315 0.017 0.090 0.088 0.976 0.955 0.635 0.652 0.296 0.284
96 fcst vd 970126 6835 -0.355 0.474 0.315 0.600 0.487 0.545 0.190 0.327 0.292 5176 0.024 0.104 0.101 0.966 0.939 0.635 0.659 0.294 0.277
120 fcst vd 970126 6835 -0.368 0.496 0.333 0.577 0.427 0.545 0.177 0.327 0.292 5271 0.033 0.115 0.111 0.959 0.928 0.636 0.669 0.296 0.280
144 fcst vd 970126 6836 -0.367 0.498 0.336 0.575 0.411 0.545 0.178 0.327 0.291 5277 0.044 0.126 0.118 0.951 0.918 0.628 0.672 0.298 0.278
168 fcst vd 970126 6835 -0.355 0.486 0.332 0.588 0.437 0.545 0.191 0.327 0.298 5330 0.048 0.134 0.125 0.944 0.908 0.636 0.684 0.298 0.274
24 fcst vd 970128 6949 -0.244 0.374 0.283 0.722 0.628 0.522 0.278 0.331 0.325 5326 0.004 0.065 0.065 0.989 0.977 0.621 0.625 0.305 0.303
48 fcst vd 970128 6947 -0.348 0.470 0.316 0.603 0.480 0.523 0.174 0.331 0.284 5223 0.007 0.073 0.072 0.985 0.971 0.629 0.635 0.302 0.295
72 fcst vd 970128 6946 -0.338 0.460 0.311 0.619 0.504 0.523 0.185 0.331 0.290 5194 0.015 0.084 0.083 0.980 0.962 0.628 0.643 0.302 0.293
96 fcst vd 970128 6946 -0.330 0.441 0.292 0.644 0.572 0.523 0.192 0.331 0.298 5242 0.019 0.099 0.097 0.972 0.948 0.628 0.647 0.303 0.288
120 fcst vd 970128 6947 -0.323 0.442 0.301 0.635 0.541 0.523 0.199 0.331 0.295 5223 0.022 0.110 0.108 0.964 0.934 0.629 0.651 0.302 0.283
144 fcst vd 970128 6947 -0.340 0.464 0.316 0.609 0.487 0.523 0.183 0.331 0.288 5166 0.029 0.117 0.113 0.958 0.926 0.631 0.661 0.301 0.277
168 fcst vd 970128 6946 -0.355 0.486 0.332 0.586 0.428 0.523 0.168 0.331 0.287 5242 0.041 0.129 0.122 0.950 0.915 0.629 0.670 0.303 0.279
24 fcst vd 970129 6501 -0.229 0.354 0.269 0.747 0.668 0.535 0.305 0.333 0.328 5091 0.014 0.067 0.065 0.987 0.976 0.628 0.642 0.301 0.297
48 fcst vd 970129 6499 -0.346 0.474 0.324 0.607 0.476 0.535 0.189 0.333 0.297 5069 0.017 0.074 0.072 0.984 0.971 0.632 0.648 0.300 0.295
72 fcst vd 970129 6502 -0.342 0.471 0.323 0.608 0.476 0.535 0.193 0.333 0.295 5043 0.020 0.082 0.080 0.980 0.964 0.635 0.655 0.300 0.289
96 fcst vd 970129 6500 -0.337 0.462 0.317 0.624 0.505 0.535 0.198 0.333 0.301 4993 0.028 0.093 0.089 0.974 0.955 0.636 0.664 0.300 0.286
120 fcst vd 970129 6500 -0.326 0.443 0.300 0.647 0.564 0.535 0.209 0.333 0.307 5054 0.031 0.106 0.102 0.966 0.941 0.634 0.665 0.301 0.283
144 fcst vd 970129 6500 -0.323 0.445 0.306 0.637 0.538 0.535 0.212 0.333 0.302 5028 0.034 0.117 0.112 0.958 0.927 0.636 0.670 0.300 0.278
168 fcst vd 970129 6500 -0.335 0.460 0.315 0.618 0.502 0.535 0.199 0.333 0.296 4954 0.040 0.125 0.119 0.951 0.917 0.634 0.675 0.298 0.273
24 fcst vd 970130 6212 -0.227 0.359 0.279 0.734 0.640 0.548 0.321 0.329 0.328 4849 0.009 0.062 0.062 0.989 0.978 0.640 0.649 0.294 0.295
48 fcst vd 970130 6211 -0.345 0.471 0.321 0.603 0.475 0.548 0.203 0.329 0.295 4907 0.022 0.082 0.079 0.981 0.965 0.631 0.653 0.296 0.294
72 fcst vd 970130 6211 -0.346 0.478 0.329 0.599 0.462 0.548 0.201 0.329 0.304 4920 0.024 0.090 0.086 0.977 0.957 0.632 0.656 0.297 0.293
96 fcst vd 970130 6211 -0.351 0.480 0.327 0.596 0.461 0.548 0.197 0.329 0.299 4908 0.026 0.092 0.088 0.975 0.955 0.637 0.663 0.296 0.288
120 fcst vd 970130 6211 -0.336 0.461 0.317 0.622 0.509 0.548 0.212 0.329 0.309 4872 0.035 0.104 0.098 0.968 0.944 0.637 0.672 0.297 0.286
144 fcst vd 970130 6211 -0.338 0.457 0.307 0.627 0.535 0.548 0.210 0.329 0.306 4916 0.038 0.117 0.111 0.958 0.929 0.636 0.674 0.298 0.282
168 fcst vd 970130 6211 -0.322 0.448 0.311 0.629 0.524 0.548 0.226 0.329 0.307 4901 0.041 0.124 0.117 0.952 0.919 0.636 0.677 0.297 0.278
24 fcst vd 970131 7025 -0.231 0.351 0.264 0.750 0.677 0.515 0.285 0.327 0.330 4821 0.008 0.065 0.064 0.988 0.976 0.637 0.645 0.297 0.294
48 fcst vd 970131 7022 -0.315 0.438 0.305 0.638 0.530 0.516 0.201 0.327 0.300 4874 0.016 0.080 0.079 0.981 0.965 0.633 0.649 0.298 0.295
72 fcst vd 970131 7020 -0.334 0.455 0.309 0.616 0.501 0.516 0.182 0.327 0.288 4995 0.027 0.097 0.093 0.973 0.952 0.618 0.645 0.301 0.298
96 fcst vd 970131 7021 -0.342 0.468 0.320 0.605 0.470 0.516 0.174 0.327 0.291 5003 0.034 0.117 0.112 0.961 0.930 0.621 0.655 0.301 0.294
120 fcst vd 970131 7020 -0.343 0.468 0.319 0.602 0.468 0.516 0.173 0.327 0.289 4945 0.032 0.113 0.108 0.963 0.933 0.630 0.663 0.300 0.289
144 fcst vd 970131 7020 -0.332 0.457 0.313 0.619 0.496 0.516 0.183 0.327 0.296 4899 0.041 0.117 0.109 0.960 0.932 0.630 0.671 0.301 0.287
168 fcst vd 970131 7021 -0.331 0.446 0.300 0.632 0.539 0.516 0.185 0.327 0.295 4938 0.044 0.129 0.121 0.951 0.917 0.630 0.674 0.302 0.283
24 fcst vd 970201 6630 -0.236 0.353 0.263 0.755 0.693 0.532 0.296 0.329 0.341 4923 -0.002 0.067 0.067 0.987 0.975 0.630 0.629 0.302 0.300
48 fcst vd 970201 6627 -0.341 0.459 0.307 0.624 0.527 0.532 0.191 0.329 0.301 4760 0.006 0.075 0.075 0.984 0.968 0.638 0.644 0.299 0.293
72 fcst vd 970201 6628 -0.333 0.460 0.318 0.615 0.491 0.532 0.199 0.329 0.299 4804 0.014 0.086 0.085 0.979 0.959 0.635 0.648 0.300 0.295
96 fcst vd 970201 6627 -0.342 0.466 0.317 0.607 0.482 0.532 0.191 0.329 0.289 4934 0.025 0.104 0.101 0.969 0.943 0.620 0.645 0.303 0.298
120 fcst vd 970201 6627 -0.352 0.483 0.331 0.590 0.438 0.532 0.180 0.329 0.293 4911 0.028 0.113 0.110 0.963 0.932 0.626 0.653 0.302 0.295
144 fcst vd 970201 6628 -0.344 0.472 0.322 0.603 0.471 0.532 0.188 0.329 0.296 4898 0.030 0.115 0.111 0.961 0.930 0.629 0.660 0.302 0.290
168 fcst vd 970201 6627 -0.341 0.471 0.325 0.606 0.467 0.532 0.192 0.329 0.299 4854 0.038 0.122 0.116 0.957 0.925 0.629 0.668 0.303 0.289
24 fcst vd 970202 6276 -0.221 0.339 0.258 0.779 0.721 0.540 0.319 0.332 0.356 4817 0.001 0.075 0.075 0.984 0.969 0.635 0.636 0.300 0.300
48 fcst vd 970202 6276 -0.333 0.444 0.294 0.650 0.586 0.540 0.207 0.332 0.313 4792 -0.002 0.091 0.091 0.976 0.953 0.644 0.641 0.298 0.296
72 fcst vd 970202 6276 -0.341 0.461 0.310 0.625 0.528 0.540 0.199 0.332 0.305 4675 0.009 0.089 0.089 0.976 0.954 0.646 0.654 0.296 0.291
96 fcst vd 970202 6278 -0.323 0.452 0.317 0.628 0.509 0.540 0.217 0.332 0.307 4724 0.015 0.100 0.099 0.971 0.944 0.640 0.655 0.298 0.295
120 fcst vd 970202 6276 -0.340 0.467 0.321 0.609 0.482 0.540 0.200 0.332 0.296 4797 0.027 0.114 0.111 0.962 0.931 0.629 0.656 0.300 0.295
144 fcst vd 970202 6276 -0.344 0.476 0.328 0.604 0.467 0.540 0.195 0.332 0.302 4811 0.028 0.124 0.121 0.955 0.918 0.633 0.660 0.300 0.294
168 fcst vd 970202 6278 -0.340 0.474 0.330 0.604 0.461 0.540 0.200 0.332 0.303 4825 0.032 0.127 0.123 0.952 0.913 0.634 0.667 0.300 0.289
24 fcst vd 970203 6745 -0.225 0.352 0.270 0.757 0.680 0.530 0.305 0.324 0.349 4825 0.014 0.088 0.087 0.978 0.958 0.630 0.644 0.298 0.298
48 fcst vd 970203 6746 -0.309 0.424 0.290 0.672 0.600 0.530 0.222 0.324 0.325 4785 0.011 0.093 0.092 0.975 0.952 0.630 0.641 0.297 0.300
72 fcst vd 970203 6746 -0.321 0.426 0.281 0.668 0.618 0.530 0.210 0.324 0.319 4908 0.007 0.099 0.099 0.972 0.945 0.627 0.634 0.299 0.301
96 fcst vd 970203 6746 -0.336 0.455 0.307 0.628 0.530 0.530 0.195 0.324 0.308 4677 0.017 0.112 0.111 0.963 0.929 0.640 0.657 0.296 0.292
120 fcst vd 970203 6745 -0.318 0.443 0.308 0.634 0.526 0.530 0.212 0.324 0.309 4709 0.023 0.116 0.114 0.960 0.925 0.638 0.661 0.296 0.295
144 fcst vd 970203 6745 -0.342 0.469 0.320 0.599 0.462 0.530 0.189 0.324 0.291 4827 0.031 0.132 0.128 0.950 0.908 0.624 0.656 0.298 0.299
168 fcst vd 970203 6746 -0.336 0.462 0.316 0.615 0.494 0.530 0.194 0.324 0.304 4837 0.036 0.137 0.132 0.946 0.901 0.626 0.662 0.298 0.296
24 fcst vd 970207 6220 -0.182 0.305 0.245 0.823 0.760 0.505 0.323 0.341 0.364 4405 0.007 0.074 0.073 0.985 0.971 0.637 0.644 0.309 0.305
48 fcst vd 970207 6220 -0.235 0.350 0.259 0.782 0.733 0.505 0.269 0.341 0.365 4394 0.012 0.083 0.083 0.981 0.964 0.632 0.645 0.309 0.302
72 fcst vd 970207 6220 -0.249 0.358 0.258 0.770 0.727 0.505 0.255 0.341 0.355 4446 0.016 0.092 0.090 0.977 0.957 0.628 0.643 0.311 0.296
96 fcst vd 970207 6220 -0.257 0.372 0.270 0.751 0.695 0.505 0.248 0.341 0.350 4469 0.024 0.107 0.105 0.967 0.942 0.629 0.654 0.311 0.290
120 fcst vd 970207 6220 -0.260 0.384 0.283 0.732 0.655 0.505 0.245 0.341 0.341 4349 0.034 0.123 0.118 0.957 0.924 0.634 0.668 0.309 0.289
144 fcst vd 970207 6221 -0.266 0.385 0.278 0.731 0.662 0.504 0.238 0.341 0.336 4383 0.033 0.133 0.129 0.950 0.910 0.629 0.663 0.309 0.293
168 fcst vd 970207 6220 -0.272 0.385 0.272 0.733 0.679 0.505 0.232 0.341 0.339 4393 0.035 0.140 0.136 0.944 0.901 0.631 0.667 0.311 0.290
24 fcst vd 970208 6549 -0.174 0.279 0.219 0.852 0.810 0.474 0.300 0.350 0.359 4296 0.012 0.073 0.072 0.986 0.974 0.630 0.642 0.318 0.307
48 fcst vd 970208 6548 -0.230 0.342 0.254 0.788 0.736 0.474 0.245 0.350 0.349 4294 0.019 0.083 0.080 0.982 0.967 0.643 0.662 0.314 0.301
72 fcst vd 970208 6548 -0.208 0.317 0.240 0.818 0.774 0.474 0.267 0.350 0.363 4308 0.022 0.089 0.086 0.979 0.962 0.637 0.658 0.316 0.300
96 fcst vd 970208 6548 -0.225 0.330 0.242 0.802 0.763 0.474 0.249 0.350 0.352 4541 0.026 0.097 0.094 0.976 0.958 0.611 0.637 0.326 0.305
120 fcst vd 970208 6548 -0.241 0.355 0.260 0.772 0.718 0.474 0.233 0.350 0.344 4391 0.043 0.142 0.135 0.944 0.906 0.632 0.676 0.318 0.284
144 fcst vd 970208 6548 -0.235 0.353 0.264 0.769 0.706 0.474 0.239 0.350 0.339 4256 0.044 0.131 0.123 0.951 0.920 0.641 0.685 0.314 0.284
168 fcst vd 970208 6548 -0.245 0.364 0.269 0.758 0.692 0.474 0.229 0.350 0.336 4292 0.048 0.146 0.138 0.940 0.899 0.632 0.680 0.316 0.287
24 fcst vd 970209 5842 -0.187 0.308 0.244 0.827 0.769 0.509 0.321 0.348 0.369 4296 0.010 0.063 0.062 0.990 0.981 0.625 0.634 0.321 0.320
48 fcst vd 970209 5842 -0.283 0.411 0.298 0.703 0.612 0.509 0.225 0.348 0.328 4104 0.022 0.089 0.086 0.979 0.961 0.638 0.659 0.313 0.301
72 fcst vd 970209 5842 -0.236 0.355 0.265 0.773 0.713 0.509 0.272 0.348 0.351 4167 0.029 0.098 0.093 0.974 0.954 0.644 0.674 0.313 0.296
96 fcst vd 970209 5842 -0.229 0.348 0.262 0.783 0.727 0.509 0.279 0.348 0.360 4117 0.032 0.102 0.097 0.971 0.950 0.646 0.678 0.311 0.292
120 fcst vd 970209 5842 -0.238 0.344 0.248 0.791 0.756 0.509 0.270 0.348 0.361 4145 0.036 0.108 0.102 0.967 0.946 0.641 0.677 0.314 0.285
144 fcst vd 970209 5842 -0.251 0.365 0.265 0.768 0.718 0.509 0.258 0.348 0.358 4180 0.044 0.129 0.121 0.952 0.923 0.643 0.688 0.312 0.279
168 fcst vd 970209 5842 -0.263 0.389 0.287 0.732 0.655 0.509 0.246 0.348 0.343 4127 0.052 0.137 0.127 0.945 0.914 0.643 0.695 0.312 0.281
24 fcst vd 970210 5737 -0.187 0.308 0.245 0.826 0.768 0.516 0.329 0.347 0.371 4050 0.000 0.058 0.058 0.991 0.982 0.653 0.653 0.310 0.309
48 fcst vd 970210 5735 -0.278 0.411 0.302 0.712 0.619 0.516 0.238 0.347 0.345 4145 0.010 0.079 0.079 0.984 0.969 0.643 0.652 0.315 0.313
72 fcst vd 970210 5736 -0.286 0.414 0.300 0.702 0.611 0.516 0.231 0.347 0.332 4125 0.020 0.099 0.097 0.974 0.951 0.636 0.656 0.315 0.304
96 fcst vd 970210 5737 -0.233 0.349 0.260 0.780 0.725 0.516 0.284 0.347 0.355 4186 0.028 0.103 0.099 0.971 0.949 0.643 0.671 0.314 0.299
120 fcst vd 970210 5736 -0.232 0.354 0.267 0.778 0.718 0.516 0.284 0.347 0.364 4184 0.030 0.108 0.103 0.969 0.945 0.640 0.670 0.314 0.297
144 fcst vd 970210 5735 -0.246 0.356 0.258 0.777 0.737 0.516 0.270 0.347 0.362 4215 0.034 0.115 0.110 0.963 0.937 0.635 0.669 0.316 0.291
168 fcst vd 970210 5735 -0.251 0.368 0.269 0.763 0.711 0.516 0.265 0.347 0.360 4249 0.041 0.132 0.125 0.951 0.918 0.637 0.679 0.315 0.285
24 fcst vd 970211 5777 -0.211 0.343 0.270 0.786 0.712 0.532 0.321 0.340 0.368 4104 0.003 0.065 0.065 0.989 0.978 0.647 0.650 0.309 0.311
48 fcst vd 970211 5777 -0.284 0.410 0.296 0.711 0.632 0.532 0.248 0.340 0.349 3988 0.003 0.083 0.083 0.981 0.964 0.656 0.659 0.304 0.307
72 fcst vd 970211 5778 -0.286 0.415 0.300 0.707 0.622 0.532 0.245 0.340 0.350 4108 0.012 0.096 0.095 0.976 0.953 0.644 0.656 0.310 0.311
96 fcst vd 970211 5776 -0.277 0.400 0.289 0.718 0.644 0.532 0.255 0.340 0.345 4085 0.022 0.114 0.111 0.965 0.934 0.639 0.661 0.309 0.301
120 fcst vd 970211 5776 -0.250 0.369 0.272 0.761 0.705 0.532 0.282 0.340 0.365 4165 0.028 0.118 0.114 0.962 0.930 0.643 0.670 0.310 0.300
144 fcst vd 970211 5777 -0.235 0.355 0.267 0.775 0.720 0.532 0.297 0.340 0.370 4207 0.028 0.123 0.120 0.958 0.923 0.640 0.668 0.309 0.297
168 fcst vd 970211 5777 -0.273 0.392 0.281 0.732 0.673 0.532 0.259 0.340 0.355 4235 0.032 0.132 0.128 0.952 0.913 0.633 0.664 0.313 0.294
24 fcst vd 970212 5484 -0.173 0.304 0.251 0.825 0.758 0.530 0.357 0.338 0.375 4005 0.007 0.068 0.067 0.988 0.976 0.646 0.653 0.304 0.307
48 fcst vd 970212 5484 -0.245 0.368 0.275 0.757 0.694 0.530 0.285 0.338 0.363 3979 0.009 0.088 0.088 0.979 0.959 0.650 0.658 0.304 0.309
72 fcst vd 970212 5483 -0.256 0.381 0.283 0.743 0.675 0.530 0.274 0.338 0.362 3907 0.011 0.099 0.098 0.973 0.948 0.655 0.666 0.302 0.305
96 fcst vd 970212 5484 -0.268 0.403 0.300 0.711 0.616 0.530 0.261 0.338 0.347 4029 0.018 0.112 0.110 0.966 0.936 0.645 0.663 0.305 0.309
120 fcst vd 970212 5484 -0.246 0.367 0.272 0.754 0.692 0.530 0.284 0.338 0.354 4018 0.033 0.120 0.115 0.960 0.929 0.634 0.667 0.309 0.299
144 fcst vd 970212 5483 -0.226 0.348 0.264 0.785 0.730 0.530 0.304 0.338 0.376 4094 0.038 0.126 0.120 0.956 0.922 0.639 0.677 0.309 0.297
168 fcst vd 970212 5484 -0.232 0.358 0.272 0.765 0.701 0.530 0.297 0.338 0.362 4064 0.042 0.133 0.126 0.950 0.913 0.637 0.679 0.309 0.294
24 fcst vd 970213 5916 -0.174 0.301 0.246 0.831 0.765 0.495 0.321 0.348 0.367 4213 -0.001 0.064 0.064 0.990 0.979 0.627 0.626 0.318 0.315
48 fcst vd 970213 5914 -0.213 0.344 0.271 0.788 0.712 0.495 0.283 0.348 0.365 4066 0.007 0.077 0.077 0.984 0.969 0.645 0.652 0.310 0.308
72 fcst vd 970213 5915 -0.225 0.345 0.261 0.790 0.731 0.495 0.270 0.348 0.363 4048 0.009 0.084 0.084 0.981 0.964 0.647 0.656 0.310 0.311
96 fcst vd 970213 5915 -0.244 0.377 0.287 0.749 0.664 0.495 0.251 0.348 0.352 4007 0.010 0.093 0.092 0.977 0.955 0.650 0.660 0.309 0.308
120 fcst vd 970213 5916 -0.222 0.341 0.259 0.790 0.731 0.495 0.273 0.348 0.358 4196 0.018 0.104 0.102 0.973 0.948 0.629 0.648 0.318 0.317
144 fcst vd 970213 5915 -0.213 0.325 0.246 0.808 0.760 0.495 0.283 0.348 0.360 4147 0.030 0.118 0.114 0.963 0.933 0.627 0.657 0.316 0.305
168 fcst vd 970213 5915 -0.202 0.322 0.252 0.816 0.759 0.495 0.294 0.348 0.373 4189 0.036 0.124 0.119 0.958 0.925 0.637 0.673 0.313 0.298
24 fcst vd 970215 5355 -0.171 0.287 0.230 0.837 0.782 0.531 0.360 0.342 0.354 3917 0.008 0.058 0.057 0.991 0.982 0.653 0.661 0.305 0.301
48 fcst vd 970215 5355 -0.243 0.389 0.304 0.721 0.609 0.531 0.289 0.342 0.346 3950 0.012 0.071 0.070 0.987 0.974 0.650 0.661 0.308 0.304
72 fcst vd 970215 5355 -0.253 0.399 0.308 0.715 0.603 0.531 0.278 0.342 0.350 3862 0.010 0.084 0.084 0.980 0.962 0.654 0.664 0.306 0.299
96 fcst vd 970215 5355 -0.252 0.395 0.304 0.723 0.621 0.531 0.279 0.342 0.355 3909 0.018 0.081 0.079 0.982 0.967 0.649 0.667 0.307 0.302
120 fcst vd 970215 5355 -0.276 0.413 0.307 0.703 0.601 0.531 0.255 0.342 0.345 3910 0.021 0.091 0.089 0.977 0.958 0.650 0.671 0.307 0.305
144 fcst vd 970215 5355 -0.237 0.365 0.277 0.768 0.703 0.531 0.294 0.342 0.373 3839 0.021 0.099 0.097 0.973 0.949 0.657 0.678 0.304 0.301
168 fcst vd 970215 5355 -0.247 0.383 0.293 0.746 0.662 0.531 0.284 0.342 0.367 3955 0.029 0.111 0.107 0.967 0.939 0.644 0.673 0.309 0.306
24 fcst vd 970216 5494 -0.231 0.374 0.294 0.747 0.651 0.550 0.319 0.339 0.362 3850 0.002 0.069 0.069 0.987 0.974 0.657 0.659 0.306 0.305
48 fcst vd 970216 5494 -0.274 0.406 0.299 0.701 0.609 0.550 0.276 0.339 0.338 3827 0.011 0.081 0.080 0.982 0.965 0.657 0.668 0.306 0.301
72 fcst vd 970216 5496 -0.268 0.418 0.321 0.688 0.562 0.550 0.282 0.339 0.346 3849 0.013 0.096 0.095 0.975 0.952 0.656 0.669 0.308 0.303
96 fcst vd 970216 5496 -0.286 0.431 0.323 0.680 0.559 0.550 0.264 0.339 0.349 3769 0.013 0.100 0.099 0.972 0.947 0.659 0.672 0.306 0.298
120 fcst vd 970216 5494 -0.277 0.421 0.317 0.692 0.580 0.550 0.273 0.339 0.352 3827 0.023 0.094 0.091 0.976 0.955 0.652 0.674 0.309 0.301
144 fcst vd 970216 5494 -0.291 0.426 0.311 0.690 0.591 0.550 0.259 0.339 0.347 3840 0.020 0.115 0.113 0.964 0.931 0.656 0.676 0.307 0.304
168 fcst vd 970216 5496 -0.266 0.403 0.302 0.728 0.648 0.550 0.284 0.339 0.376 3765 0.024 0.113 0.110 0.965 0.934 0.659 0.683 0.306 0.300
24 fcst vd 970218 5729 -0.213 0.364 0.295 0.763 0.660 0.542 0.328 0.344 0.368 3761 0.003 0.064 0.063 0.989 0.978 0.659 0.662 0.305 0.306
48 fcst vd 970218 5728 -0.269 0.414 0.315 0.698 0.583 0.542 0.273 0.344 0.346 3740 0.003 0.069 0.069 0.987 0.974 0.665 0.668 0.303 0.302
72 fcst vd 970218 5729 -0.300 0.441 0.324 0.671 0.551 0.542 0.242 0.344 0.338 3763 0.006 0.079 0.079 0.983 0.966 0.661 0.668 0.304 0.302
96 fcst vd 970218 5729 -0.278 0.414 0.307 0.696 0.593 0.542 0.264 0.344 0.336 3756 0.015 0.090 0.089 0.977 0.957 0.660 0.674 0.306 0.299
120 fcst vd 970218 5729 -0.273 0.418 0.317 0.698 0.581 0.542 0.269 0.344 0.349 3785 0.018 0.100 0.098 0.973 0.948 0.658 0.676 0.307 0.300
144 fcst vd 970218 5728 -0.269 0.414 0.315 0.712 0.605 0.542 0.272 0.344 0.363 3701 0.017 0.105 0.104 0.969 0.940 0.661 0.679 0.305 0.295
168 fcst vd 970218 5728 -0.286 0.433 0.324 0.685 0.564 0.542 0.256 0.344 0.350 3771 0.024 0.112 0.109 0.965 0.935 0.656 0.680 0.306 0.299
24 fcst vd 970214 5627 -0.196 0.341 0.280 0.780 0.680 0.516 0.320 0.344 0.354 4068 0.003 0.060 0.060 0.990 0.981 0.644 0.648 0.309 0.309
48 fcst vd 970214 5627 -0.251 0.390 0.298 0.730 0.631 0.516 0.265 0.344 0.350 3937 0.001 0.077 0.077 0.984 0.968 0.654 0.655 0.305 0.304
72 fcst vd 970214 5628 -0.249 0.392 0.303 0.727 0.623 0.516 0.267 0.344 0.353 3976 0.010 0.087 0.086 0.980 0.960 0.649 0.660 0.307 0.306
96 fcst vd 970214 5628 -0.269 0.404 0.301 0.715 0.619 0.516 0.247 0.344 0.346 3947 0.011 0.085 0.084 0.980 0.962 0.654 0.665 0.305 0.307
120 fcst vd 970214 5627 -0.261 0.398 0.301 0.723 0.623 0.516 0.256 0.344 0.351 3907 0.013 0.091 0.090 0.977 0.956 0.656 0.669 0.304 0.305
144 fcst vd 970214 5627 -0.223 0.346 0.264 0.788 0.729 0.516 0.293 0.344 0.370 3983 0.021 0.104 0.101 0.971 0.945 0.649 0.670 0.307 0.307
168 fcst vd 970214 5628 -0.237 0.362 0.274 0.770 0.703 0.516 0.279 0.344 0.365 4001 0.031 0.118 0.114 0.962 0.930 0.638 0.669 0.309 0.300
24 fcst vd 970217 5464 -0.205 0.348 0.282 0.774 0.682 0.546 0.342 0.341 0.364 3795 0.003 0.063 0.063 0.990 0.979 0.657 0.660 0.308 0.305
48 fcst vd 970217 5463 -0.280 0.420 0.313 0.693 0.588 0.546 0.266 0.341 0.350 3813 0.006 0.070 0.070 0.987 0.974 0.657 0.663 0.307 0.303
72 fcst vd 970217 5463 -0.274 0.410 0.306 0.694 0.592 0.546 0.273 0.341 0.336 3812 0.015 0.085 0.083 0.981 0.963 0.655 0.669 0.310 0.300
96 fcst vd 970217 5465 -0.268 0.420 0.323 0.685 0.553 0.546 0.278 0.341 0.343 3824 0.018 0.094 0.093 0.976 0.955 0.655 0.672 0.310 0.301
120 fcst vd 970217 5464 -0.273 0.420 0.319 0.695 0.580 0.546 0.273 0.341 0.354 3737 0.016 0.100 0.098 0.972 0.948 0.658 0.675 0.308 0.296
144 fcst vd 970217 5464 -0.283 0.434 0.329 0.675 0.543 0.546 0.263 0.341 0.347 3819 0.027 0.108 0.105 0.968 0.941 0.651 0.678 0.311 0.298
168 fcst vd 970217 5465 -0.299 0.441 0.325 0.667 0.543 0.546 0.247 0.341 0.339 3776 0.026 0.111 0.108 0.966 0.937 0.657 0.683 0.308 0.300
24 fcst vd 970219 5935 -0.218 0.370 0.299 0.754 0.648 0.547 0.330 0.337 0.371 3701 0.008 0.071 0.071 0.986 0.972 0.659 0.666 0.301 0.303
48 fcst vd 970219 5935 -0.261 0.412 0.319 0.705 0.587 0.547 0.286 0.337 0.363 3750 0.012 0.105 0.104 0.969 0.940 0.659 0.670 0.300 0.302
72 fcst vd 970219 5935 -0.272 0.419 0.318 0.692 0.575 0.547 0.275 0.337 0.353 3725 0.010 0.096 0.095 0.974 0.950 0.662 0.672 0.300 0.301
96 fcst vd 970219 5935 -0.307 0.450 0.329 0.659 0.531 0.547 0.241 0.337 0.342 3737 0.015 0.095 0.094 0.975 0.952 0.655 0.669 0.302 0.300
120 fcst vd 970219 5935 -0.294 0.431 0.316 0.671 0.557 0.547 0.254 0.337 0.334 3803 0.018 0.113 0.111 0.965 0.933 0.648 0.666 0.306 0.303
144 fcst vd 970219 5935 -0.280 0.430 0.327 0.679 0.548 0.547 0.267 0.337 0.350 3803 0.022 0.117 0.115 0.962 0.928 0.650 0.671 0.305 0.303
168 fcst vd 970219 5935 -0.299 0.445 0.330 0.669 0.539 0.547 0.248 0.337 0.351 3711 0.022 0.117 0.115 0.961 0.927 0.653 0.675 0.304 0.297
24 fcst vd 970220 5777 -0.154 0.306 0.265 0.825 0.735 0.515 0.362 0.340 0.380 3741 0.004 0.065 0.065 0.989 0.977 0.654 0.658 0.305 0.302
48 fcst vd 970220 5777 -0.204 0.345 0.278 0.783 0.697 0.515 0.311 0.340 0.370 3668 0.009 0.093 0.093 0.976 0.953 0.660 0.669 0.305 0.303
72 fcst vd 970220 5777 -0.206 0.344 0.276 0.782 0.699 0.515 0.309 0.340 0.368 3676 0.013 0.098 0.097 0.974 0.949 0.658 0.671 0.306 0.304
96 fcst vd 970220 5777 -0.221 0.368 0.294 0.752 0.652 0.515 0.294 0.340 0.363 3707 0.014 0.104 0.103 0.971 0.944 0.653 0.668 0.308 0.305
120 fcst vd 970220 5777 -0.250 0.389 0.298 0.732 0.638 0.515 0.265 0.340 0.360 3735 0.017 0.112 0.110 0.966 0.934 0.653 0.670 0.307 0.301
144 fcst vd 970220 5777 -0.249 0.375 0.280 0.740 0.663 0.515 0.266 0.340 0.343 3742 0.025 0.117 0.114 0.963 0.931 0.651 0.676 0.309 0.299
168 fcst vd 970220 5777 -0.238 0.383 0.300 0.728 0.618 0.515 0.277 0.340 0.346 3805 0.027 0.122 0.119 0.959 0.925 0.647 0.674 0.311 0.302
24 fcst vd 970224 6140 -0.149 0.267 0.221 0.869 0.826 0.486 0.337 0.336 0.392 3932 0.015 0.100 0.099 0.973 0.949 0.636 0.651 0.314 0.304
48 fcst vd 970224 6139 -0.196 0.327 0.261 0.811 0.750 0.486 0.290 0.335 0.390 3796 -0.002 0.079 0.079 0.984 0.968 0.651 0.648 0.311 0.312
72 fcst vd 970224 6139 -0.195 0.332 0.268 0.801 0.727 0.486 0.291 0.335 0.382 3675 -0.003 0.096 0.096 0.975 0.951 0.666 0.663 0.306 0.305
96 fcst vd 970224 6139 -0.202 0.337 0.270 0.792 0.717 0.486 0.284 0.335 0.375 3713 0.005 0.132 0.132 0.952 0.907 0.657 0.662 0.310 0.302
120 fcst vd 970224 6140 -0.189 0.322 0.260 0.803 0.729 0.486 0.297 0.336 0.367 3689 0.007 0.134 0.134 0.950 0.904 0.658 0.665 0.309 0.298
144 fcst vd 970224 6140 -0.216 0.338 0.261 0.779 0.710 0.486 0.270 0.336 0.349 3575 0.003 0.116 0.116 0.962 0.926 0.673 0.676 0.303 0.300
168 fcst vd 970224 6140 -0.213 0.339 0.264 0.780 0.707 0.486 0.273 0.336 0.352 3644 0.006 0.125 0.125 0.957 0.917 0.664 0.670 0.307 0.305
24 fcst vd 970221 5328 -0.157 0.310 0.267 0.821 0.738 0.546 0.390 0.335 0.390 3779 -0.004 0.068 0.068 0.988 0.975 0.655 0.650 0.307 0.309
48 fcst vd 970221 5328 -0.195 0.355 0.297 0.769 0.666 0.546 0.351 0.335 0.383 3684 -0.001 0.081 0.081 0.982 0.964 0.664 0.663 0.303 0.300
72 fcst vd 970221 5329 -0.220 0.361 0.286 0.763 0.681 0.546 0.326 0.335 0.376 3650 0.008 0.103 0.102 0.971 0.943 0.667 0.675 0.304 0.301
96 fcst vd 970221 5328 -0.228 0.366 0.287 0.755 0.673 0.546 0.318 0.335 0.370 3683 0.008 0.106 0.106 0.969 0.939 0.663 0.672 0.304 0.304
120 fcst vd 970221 5327 -0.221 0.360 0.284 0.761 0.679 0.547 0.326 0.335 0.370 3690 0.011 0.109 0.108 0.967 0.936 0.664 0.675 0.304 0.301
144 fcst vd 970221 5327 -0.265 0.405 0.306 0.708 0.611 0.547 0.281 0.335 0.358 3731 0.014 0.114 0.113 0.964 0.931 0.660 0.674 0.306 0.300
168 fcst vd 970221 5328 -0.229 0.358 0.275 0.757 0.685 0.546 0.317 0.335 0.357 3756 0.021 0.119 0.117 0.961 0.926 0.655 0.676 0.308 0.300
24 fcst vd 970222 5879 -0.144 0.272 0.231 0.864 0.810 0.497 0.353 0.339 0.393 3753 -0.001 0.073 0.073 0.986 0.972 0.659 0.658 0.308 0.306
48 fcst vd 970222 5879 -0.190 0.332 0.272 0.802 0.724 0.497 0.307 0.339 0.384 3719 0.000 0.100 0.100 0.973 0.947 0.659 0.659 0.309 0.305
72 fcst vd 970222 5880 -0.190 0.327 0.266 0.800 0.720 0.497 0.307 0.339 0.368 3655 0.000 0.095 0.095 0.975 0.951 0.665 0.666 0.305 0.300
96 fcst vd 970222 5879 -0.218 0.339 0.260 0.784 0.721 0.497 0.279 0.339 0.355 3632 0.007 0.105 0.105 0.969 0.940 0.670 0.678 0.304 0.300
120 fcst vd 970222 5880 -0.223 0.349 0.268 0.770 0.697 0.497 0.274 0.339 0.349 3637 0.006 0.103 0.103 0.971 0.943 0.668 0.674 0.305 0.304
144 fcst vd 970222 5879 -0.215 0.337 0.259 0.788 0.727 0.497 0.282 0.339 0.360 3649 0.010 0.113 0.113 0.964 0.931 0.667 0.677 0.306 0.301
168 fcst vd 970222 5879 -0.238 0.376 0.291 0.739 0.643 0.497 0.259 0.339 0.349 3705 0.011 0.110 0.110 0.966 0.935 0.662 0.673 0.308 0.302
24 fcst vd 970223 5709 -0.176 0.310 0.256 0.827 0.767 0.522 0.347 0.334 0.396 3789 -0.007 0.073 0.073 0.986 0.973 0.658 0.651 0.305 0.312
48 fcst vd 970223 5708 -0.192 0.346 0.287 0.788 0.702 0.522 0.330 0.334 0.396 3730 -0.007 0.085 0.085 0.980 0.961 0.666 0.659 0.304 0.306
72 fcst vd 970223 5707 -0.207 0.352 0.285 0.776 0.693 0.522 0.315 0.334 0.384 3771 -0.001 0.115 0.115 0.964 0.929 0.657 0.656 0.308 0.305
96 fcst vd 970223 5707 -0.206 0.347 0.279 0.771 0.682 0.522 0.317 0.334 0.363 3688 -0.003 0.112 0.112 0.965 0.931 0.666 0.663 0.304 0.300
120 fcst vd 970223 5708 -0.235 0.369 0.285 0.742 0.654 0.522 0.287 0.334 0.350 3626 -0.001 0.108 0.108 0.967 0.935 0.674 0.674 0.301 0.302
144 fcst vd 970223 5708 -0.241 0.374 0.287 0.739 0.652 0.522 0.282 0.334 0.352 3674 0.001 0.112 0.112 0.965 0.932 0.669 0.669 0.303 0.306
168 fcst vd 970223 5707 -0.230 0.360 0.277 0.754 0.677 0.522 0.293 0.334 0.354 3703 0.003 0.113 0.113 0.964 0.930 0.672 0.675 0.300 0.301
24 fcst vd 970225 5729 -0.125 0.243 0.208 0.894 0.852 0.493 0.368 0.345 0.398 3865 0.003 0.067 0.067 0.988 0.977 0.639 0.643 0.315 0.312
48 fcst vd 970225 5729 -0.148 0.271 0.226 0.871 0.823 0.493 0.344 0.345 0.398 3697 0.002 0.089 0.089 0.978 0.957 0.663 0.666 0.305 0.304
72 fcst vd 970225 5729 -0.175 0.303 0.248 0.842 0.789 0.493 0.317 0.345 0.400 3680 -0.002 0.092 0.092 0.977 0.955 0.664 0.662 0.307 0.308
96 fcst vd 970225 5729 -0.176 0.313 0.259 0.828 0.760 0.493 0.317 0.345 0.391 3650 -0.003 0.111 0.111 0.966 0.934 0.668 0.665 0.306 0.305
120 fcst vd 970225 5729 -0.194 0.328 0.265 0.807 0.734 0.493 0.299 0.345 0.377 3646 -0.006 0.115 0.114 0.965 0.931 0.665 0.660 0.308 0.307
144 fcst vd 970225 5729 -0.164 0.306 0.259 0.828 0.750 0.493 0.329 0.345 0.381 3637 0.002 0.124 0.124 0.958 0.918 0.663 0.665 0.309 0.300
168 fcst vd 970225 5729 -0.198 0.331 0.265 0.793 0.713 0.493 0.295 0.345 0.354 3548 0.003 0.127 0.127 0.955 0.912 0.676 0.680 0.304 0.300
24 fcst vd 970226 5619 -0.130 0.270 0.237 0.870 0.808 0.510 0.380 0.346 0.400 3701 -0.001 0.063 0.063 0.989 0.979 0.662 0.661 0.309 0.307
48 fcst vd 970226 5618 -0.149 0.286 0.244 0.858 0.798 0.510 0.361 0.346 0.404 3715 0.001 0.087 0.087 0.980 0.961 0.659 0.660 0.311 0.308
72 fcst vd 970226 5619 -0.151 0.289 0.247 0.854 0.791 0.510 0.358 0.346 0.401 3584 -0.001 0.096 0.096 0.974 0.949 0.680 0.678 0.302 0.300
96 fcst vd 970226 5618 -0.173 0.310 0.257 0.836 0.774 0.510 0.337 0.346 0.403 3548 -0.003 0.100 0.100 0.972 0.945 0.681 0.678 0.303 0.302
120 fcst vd 970226 5618 -0.166 0.312 0.265 0.830 0.756 0.510 0.344 0.346 0.398 3578 -0.006 0.107 0.107 0.968 0.938 0.679 0.673 0.305 0.303
144 fcst vd 970226 5617 -0.184 0.332 0.276 0.802 0.713 0.510 0.326 0.346 0.379 3590 -0.010 0.112 0.111 0.966 0.934 0.675 0.666 0.307 0.305
168 fcst vd 970226 5619 -0.175 0.327 0.277 0.807 0.715 0.510 0.335 0.346 0.382 3509 -0.006 0.119 0.119 0.960 0.923 0.681 0.675 0.304 0.298
24 fcst vd 970227 5540 -0.115 0.265 0.239 0.871 0.802 0.516 0.401 0.343 0.397 3575 0.001 0.067 0.067 0.988 0.976 0.672 0.673 0.302 0.304
48 fcst vd 970227 5540 -0.136 0.293 0.259 0.848 0.771 0.516 0.380 0.343 0.404 3573 -0.002 0.092 0.092 0.977 0.955 0.670 0.668 0.302 0.304
72 fcst vd 970227 5539 -0.154 0.302 0.260 0.840 0.770 0.517 0.362 0.342 0.404 3617 -0.002 0.100 0.100 0.973 0.947 0.664 0.662 0.306 0.307
96 fcst vd 970227 5539 -0.156 0.301 0.258 0.841 0.771 0.517 0.360 0.342 0.402 3615 0.004 0.126 0.126 0.956 0.914 0.668 0.672 0.306 0.302
120 fcst vd 970227 5539 -0.171 0.315 0.265 0.826 0.755 0.517 0.345 0.342 0.399 3493 -0.004 0.111 0.111 0.965 0.932 0.681 0.676 0.300 0.303
144 fcst vd 970227 5540 -0.175 0.334 0.284 0.805 0.715 0.516 0.341 0.343 0.398 3555 -0.006 0.116 0.116 0.961 0.925 0.681 0.675 0.299 0.299
168 fcst vd 970227 5540 -0.173 0.335 0.286 0.800 0.704 0.516 0.343 0.343 0.392 3488 -0.008 0.126 0.125 0.955 0.914 0.679 0.672 0.302 0.302
24 fcst vd 970228 5878 -0.090 0.225 0.206 0.907 0.857 0.493 0.402 0.342 0.399 3529 -0.001 0.068 0.068 0.987 0.974 0.679 0.678 0.294 0.301
48 fcst vd 970228 5878 -0.125 0.270 0.239 0.871 0.811 0.493 0.367 0.342 0.408 3423 -0.001 0.091 0.091 0.975 0.952 0.697 0.697 0.288 0.298
72 fcst vd 970228 5878 -0.133 0.274 0.239 0.869 0.811 0.493 0.359 0.342 0.408 3449 -0.002 0.108 0.108 0.966 0.934 0.692 0.689 0.292 0.300
96 fcst vd 970228 5878 -0.142 0.273 0.233 0.870 0.821 0.493 0.350 0.342 0.408 3495 0.000 0.111 0.111 0.965 0.932 0.683 0.683 0.298 0.301
120 fcst vd 970228 5878 -0.142 0.267 0.226 0.874 0.826 0.493 0.351 0.342 0.401 3500 0.006 0.129 0.129 0.952 0.907 0.684 0.690 0.298 0.297
144 fcst vd 970228 5878 -0.168 0.291 0.238 0.853 0.807 0.493 0.325 0.342 0.401 3472 -0.002 0.124 0.124 0.956 0.915 0.688 0.685 0.298 0.303
168 fcst vd 970228 5878 -0.173 0.309 0.256 0.832 0.767 0.493 0.320 0.342 0.395 3454 -0.003 0.129 0.129 0.951 0.905 0.693 0.690 0.294 0.298
24 fcst vd 970301 5251 -0.082 0.243 0.229 0.885 0.810 0.523 0.441 0.338 0.389 3674 0.001 0.057 0.057 0.991 0.982 0.665 0.666 0.298 0.301
48 fcst vd 970301 5251 -0.078 0.254 0.242 0.876 0.793 0.523 0.445 0.338 0.394 3608 0.000 0.089 0.089 0.978 0.957 0.665 0.665 0.295 0.304
72 fcst vd 970301 5251 -0.105 0.269 0.248 0.865 0.786 0.523 0.418 0.338 0.399 3521 0.002 0.104 0.104 0.969 0.939 0.678 0.680 0.292 0.303
96 fcst vd 970301 5251 -0.123 0.283 0.255 0.854 0.778 0.523 0.400 0.338 0.404 3548 0.001 0.111 0.111 0.965 0.931 0.673 0.673 0.295 0.304
120 fcst vd 970301 5251 -0.133 0.281 0.247 0.858 0.794 0.523 0.390 0.338 0.407 3573 0.000 0.115 0.115 0.963 0.928 0.669 0.669 0.296 0.305
144 fcst vd 970301 5251 -0.119 0.266 0.238 0.871 0.807 0.523 0.403 0.338 0.403 3547 0.002 0.122 0.122 0.957 0.917 0.674 0.677 0.295 0.302
168 fcst vd 970301 5251 -0.169 0.316 0.267 0.823 0.750 0.523 0.354 0.338 0.399 3528 -0.001 0.128 0.128 0.953 0.909 0.676 0.675 0.295 0.305
24 fcst vd 970302 5313 -0.054 0.234 0.227 0.890 0.805 0.521 0.467 0.339 0.379 3736 0.000 0.069 0.069 0.986 0.973 0.656 0.657 0.299 0.300
48 fcst vd 970302 5313 -0.090 0.287 0.272 0.844 0.736 0.521 0.431 0.339 0.396 3571 0.003 0.089 0.089 0.977 0.954 0.679 0.682 0.293 0.295
72 fcst vd 970302 5313 -0.060 0.252 0.245 0.879 0.790 0.521 0.461 0.339 0.397 3566 0.003 0.098 0.098 0.972 0.946 0.671 0.674 0.295 0.301
96 fcst vd 970302 5313 -0.096 0.266 0.248 0.867 0.784 0.521 0.426 0.339 0.397 3555 0.005 0.111 0.111 0.965 0.932 0.677 0.681 0.296 0.303
120 fcst vd 970302 5313 -0.116 0.278 0.253 0.859 0.782 0.521 0.406 0.339 0.405 3597 0.004 0.116 0.116 0.962 0.927 0.669 0.672 0.300 0.305
144 fcst vd 970302 5312 -0.118 0.277 0.251 0.861 0.789 0.522 0.404 0.339 0.407 3586 0.003 0.122 0.122 0.958 0.919 0.670 0.672 0.298 0.305
168 fcst vd 970302 5313 -0.115 0.269 0.244 0.868 0.797 0.521 0.406 0.339 0.402 3612 0.006 0.129 0.129 0.953 0.909 0.668 0.675 0.301 0.304
24 fcst vd 970303 5452 -0.069 0.241 0.231 0.887 0.809 0.520 0.452 0.336 0.391 3876 -0.006 0.064 0.064 0.989 0.978 0.650 0.645 0.297 0.307
48 fcst vd 970303 5453 -0.055 0.273 0.267 0.854 0.740 0.520 0.466 0.336 0.391 3697 -0.006 0.090 0.090 0.976 0.954 0.669 0.664 0.286 0.297
72 fcst vd 970303 5452 -0.081 0.275 0.263 0.855 0.754 0.520 0.439 0.336 0.397 3524 -0.001 0.099 0.099 0.969 0.940 0.691 0.689 0.279 0.292
96 fcst vd 970303 5453 -0.051 0.254 0.249 0.875 0.781 0.520 0.469 0.336 0.396 3571 -0.003 0.113 0.113 0.962 0.927 0.679 0.675 0.283 0.301
120 fcst vd 970303 5453 -0.091 0.270 0.254 0.862 0.773 0.520 0.430 0.336 0.398 3539 0.002 0.118 0.118 0.959 0.921 0.684 0.685 0.286 0.301
144 fcst vd 970303 5452 -0.124 0.294 0.267 0.835 0.739 0.520 0.396 0.336 0.389 3564 -0.003 0.125 0.125 0.953 0.911 0.680 0.677 0.286 0.304
168 fcst vd 970303 5452 -0.119 0.286 0.260 0.848 0.761 0.520 0.401 0.336 0.398 3567 -0.003 0.133 0.133 0.947 0.900 0.679 0.675 0.286 0.304
24 fcst vd 970304 5255 -0.071 0.248 0.237 0.876 0.784 0.534 0.463 0.333 0.378 3846 -0.008 0.063 0.063 0.988 0.977 0.664 0.656 0.286 0.292
48 fcst vd 970304 5255 -0.063 0.266 0.258 0.863 0.766 0.534 0.471 0.333 0.400 3770 -0.012 0.082 0.081 0.980 0.964 0.668 0.656 0.286 0.302
72 fcst vd 970304 5255 -0.054 0.262 0.256 0.863 0.759 0.534 0.480 0.333 0.389 3690 -0.013 0.093 0.092 0.974 0.951 0.674 0.662 0.282 0.298
96 fcst vd 970304 5254 -0.075 0.267 0.256 0.860 0.761 0.534 0.459 0.333 0.391 3508 -0.008 0.105 0.104 0.965 0.934 0.697 0.689 0.275 0.293
120 fcst vd 970304 5254 -0.048 0.246 0.242 0.879 0.788 0.534 0.486 0.333 0.390 3569 -0.010 0.121 0.120 0.956 0.918 0.683 0.672 0.280 0.303
144 fcst vd 970304 5255 -0.094 0.270 0.253 0.861 0.775 0.534 0.440 0.333 0.398 3496 -0.005 0.129 0.129 0.949 0.904 0.693 0.688 0.280 0.301
168 fcst vd 970304 5255 -0.109 0.272 0.249 0.860 0.781 0.534 0.425 0.333 0.396 3531 -0.006 0.132 0.132 0.948 0.901 0.685 0.679 0.283 0.304
24 fcst vd 970305 1448 0.022 0.226 0.225 0.727 0.530 0.383 0.406 0.198 0.255 1086 -0.004 0.058 0.058 0.975 0.950 0.439 0.435 0.183 0.182
48 fcst vd 970305 1448 0.083 0.276 0.263 0.651 0.441 0.383 0.466 0.198 0.282 1055 -0.010 0.085 0.084 0.946 0.898 0.448 0.438 0.181 0.190
72 fcst vd 970305 1448 0.056 0.302 0.297 0.599 0.349 0.383 0.439 0.198 0.301 1000 -0.024 0.098 0.095 0.927 0.870 0.452 0.428 0.182 0.188
96 fcst vd 970305 1448 0.084 0.320 0.309 0.580 0.345 0.383 0.467 0.198 0.315 949 -0.025 0.111 0.109 0.904 0.828 0.464 0.440 0.179 0.189
120 fcst vd 970305 1448 0.015 0.315 0.315 0.578 0.318 0.383 0.398 0.198 0.316 870 -0.009 0.123 0.123 0.885 0.788 0.474 0.465 0.180 0.195
144 fcst vd 970305 1448 0.071 0.295 0.286 0.637 0.433 0.383 0.455 0.198 0.309 909 -0.006 0.142 0.142 0.861 0.759 0.471 0.465 0.179 0.217
168 fcst vd 970305 1448 -0.030 0.323 0.321 0.553 0.265 0.383 0.354 0.198 0.311 894 0.003 0.138 0.138 0.879 0.795 0.471 0.474 0.182 0.227
24 fcst vd 970307 5781 -0.534 0.629 0.332 0.447-0.033 0.534 0.000 0.332 0.006 4101 -0.010 0.069 0.068 0.986 0.973 0.666 0.656 0.284 0.294
48 fcst vd 970307 5782 -0.120 0.310 0.286 0.820 0.710 0.534 0.414 0.332 0.401 1054 -0.050 0.117 0.106 0.896 0.835 0.499 0.448 0.187 0.182
72 fcst vd 970307 5782 -0.110 0.287 0.265 0.843 0.748 0.534 0.424 0.332 0.396 3866 -0.029 0.102 0.098 0.966 0.940 0.689 0.660 0.274 0.289
96 fcst vd 970307 5783 -0.091 0.271 0.256 0.856 0.759 0.534 0.443 0.332 0.389 3816 -0.032 0.110 0.105 0.962 0.934 0.692 0.659 0.274 0.292
120 fcst vd 970307 5782 -0.096 0.264 0.246 0.865 0.784 0.534 0.438 0.332 0.395 3796 -0.036 0.122 0.117 0.955 0.923 0.689 0.653 0.277 0.303
144 fcst vd 970307 5783 -0.104 0.289 0.270 0.834 0.725 0.534 0.430 0.332 0.384 3686 -0.038 0.137 0.132 0.940 0.897 0.700 0.662 0.270 0.298
168 fcst vd 970307 5782 -0.116 0.294 0.270 0.832 0.731 0.534 0.418 0.332 0.391 3523 -0.030 0.147 0.144 0.928 0.872 0.717 0.687 0.268 0.293
24 fcst vd 970308 5691 -0.538 0.647 0.359 0.424-0.055 0.564 0.026 0.313 0.159 4012 -0.007 0.076 0.076 0.980 0.962 0.683 0.676 0.263 0.278
48 fcst vd 970308 5691 -0.524 0.647 0.379 0.421-0.064 0.564 0.040 0.313 0.194 3930 -0.015 0.097 0.096 0.968 0.943 0.687 0.672 0.263 0.287
72 fcst vd 970308 5695 -0.147 0.339 0.305 0.773 0.651 0.564 0.416 0.314 0.395 1008 -0.075 0.160 0.141 0.824 0.734 0.529 0.454 0.201 0.183
96 fcst vd 970308 5695 -0.122 0.302 0.276 0.813 0.712 0.564 0.441 0.314 0.390 3815 -0.032 0.121 0.117 0.950 0.915 0.695 0.663 0.263 0.288
120 fcst vd 970308 5695 -0.129 0.303 0.274 0.811 0.712 0.564 0.434 0.314 0.387 3751 -0.035 0.125 0.120 0.947 0.911 0.700 0.664 0.262 0.290
144 fcst vd 970308 5696 -0.124 0.302 0.275 0.817 0.723 0.563 0.440 0.314 0.397 3734 -0.038 0.137 0.132 0.940 0.901 0.696 0.658 0.266 0.303
168 fcst vd 970308 5695 -0.123 0.292 0.265 0.822 0.729 0.564 0.441 0.314 0.385 3649 -0.037 0.151 0.147 0.923 0.870 0.704 0.667 0.262 0.297
24 fcst vd 970309
48 fcst vd 970309 6124 -0.509 0.631 0.374 0.437-0.064 0.538 0.029 0.325 0.165 4127 -0.018 0.088 0.086 0.974 0.953 0.683 0.665 0.271 0.283
72 fcst vd 970309 6124 -0.532 0.623 0.323 0.449 0.109 0.538 0.006 0.325 0.038 4044 -0.024 0.106 0.104 0.963 0.934 0.685 0.661 0.272 0.291
96 fcst vd 970309 6126 -0.128 0.318 0.291 0.806 0.691 0.537 0.409 0.325 0.397 1052 -0.082 0.173 0.152 0.806 0.706 0.526 0.444 0.208 0.184
120 fcst vd 970309 6127 -0.106 0.289 0.269 0.833 0.727 0.537 0.431 0.325 0.386 3907 -0.043 0.132 0.125 0.943 0.904 0.696 0.654 0.269 0.292
144 fcst vd 970309 6126 -0.113 0.291 0.268 0.831 0.728 0.537 0.424 0.325 0.386 3852 -0.044 0.139 0.132 0.937 0.894 0.699 0.654 0.269 0.294
168 fcst vd 970309 6126 -0.100 0.279 0.260 0.844 0.747 0.537 0.437 0.325 0.387 3811 -0.048 0.150 0.143 0.930 0.883 0.698 0.650 0.272 0.304
24 fcst vd 970310 7024 -0.475 0.578 0.329 0.461 0.166 0.477 0.002 0.331 0.010 4347 -0.006 0.076 0.076 0.981 0.964 0.664 0.659 0.278 0.284
48 fcst vd 970310
72 fcst vd 970310 7024 -0.449 0.582 0.369 0.456-0.015 0.477 0.028 0.331 0.160 4154 -0.020 0.108 0.106 0.961 0.928 0.685 0.665 0.268 0.283
96 fcst vd 970310 7024 -0.434 0.558 0.351 0.481 0.145 0.477 0.043 0.331 0.176 4105 -0.027 0.118 0.115 0.955 0.920 0.684 0.657 0.271 0.292
120 fcst vd 970310 7026 -0.112 0.279 0.255 0.853 0.768 0.477 0.365 0.331 0.397 1080 -0.081 0.156 0.133 0.830 0.755 0.523 0.442 0.195 0.184
144 fcst vd 970310 7026 -0.111 0.253 0.228 0.874 0.806 0.477 0.366 0.331 0.383 3942 -0.046 0.140 0.132 0.935 0.892 0.698 0.651 0.265 0.292
168 fcst vd 970310 7026 -0.102 0.249 0.228 0.878 0.809 0.477 0.375 0.331 0.386 3883 -0.048 0.145 0.137 0.931 0.886 0.700 0.651 0.266 0.295
24 fcst vd 970311 7466 -0.445 0.572 0.360 0.459 0.043 0.481 0.036 0.325 0.170 4465 -0.013 0.078 0.077 0.981 0.964 0.663 0.650 0.274 0.286
48 fcst vd 970311 7466 -0.436 0.557 0.347 0.475 0.142 0.481 0.045 0.325 0.176 4299 -0.015 0.099 0.098 0.967 0.938 0.678 0.663 0.266 0.281
72 fcst vd 970311
96 fcst vd 970311 7466 -0.455 0.580 0.360 0.453-0.005 0.481 0.026 0.325 0.153 4164 -0.033 0.110 0.105 0.958 0.929 0.693 0.661 0.259 0.284
120 fcst vd 970311 7466 -0.456 0.580 0.360 0.453-0.004 0.481 0.025 0.325 0.153 4097 -0.039 0.121 0.114 0.951 0.921 0.694 0.655 0.261 0.292
144 fcst vd 970311 7467 -0.123 0.293 0.266 0.836 0.745 0.481 0.358 0.325 0.397 1121 -0.082 0.148 0.123 0.826 0.763 0.515 0.432 0.167 0.187
168 fcst vd 970311 7466 -0.133 0.290 0.258 0.838 0.754 0.481 0.347 0.325 0.389 3946 -0.055 0.146 0.136 0.928 0.887 0.704 0.648 0.258 0.294
24 fcst vd 970312 7043 -0.445 0.561 0.340 0.491 0.258 0.524 0.078 0.321 0.222 4514 -0.007 0.088 0.087 0.974 0.949 0.667 0.660 0.274 0.276
48 fcst vd 970312 7043 -0.447 0.560 0.338 0.490 0.258 0.524 0.077 0.321 0.217 4462 -0.020 0.102 0.101 0.965 0.936 0.673 0.653 0.271 0.285
72 fcst vd 970312 7043 -0.497 0.580 0.300 0.472 0.371 0.524 0.027 0.321 0.091 4300 -0.022 0.111 0.109 0.958 0.923 0.686 0.665 0.266 0.282
96 fcst vd 970312
120 fcst vd 970312 7043 -0.492 0.611 0.362 0.444 0.000 0.524 0.032 0.321 0.167 4123 -0.036 0.134 0.129 0.937 0.890 0.703 0.667 0.259 0.283
144 fcst vd 970312 7043 -0.520 0.611 0.321 0.446 0.069 0.524 0.003 0.321 0.031 4084 -0.040 0.143 0.137 0.931 0.882 0.699 0.659 0.263 0.291
168 fcst vd 970312 7047 -0.146 0.335 0.301 0.787 0.667 0.524 0.377 0.321 0.397 1097 -0.087 0.177 0.155 0.770 0.649 0.521 0.435 0.183 0.187
24 fcst vd 970315 6540 -0.447 0.564 0.344 0.507 0.295 0.546 0.099 0.316 0.259 4738 -0.018 0.066 0.064 0.983 0.970 0.682 0.664 0.257 0.262
48 fcst vd 970315 6540 -0.445 0.563 0.344 0.511 0.302 0.546 0.101 0.316 0.263 4706 -0.029 0.084 0.079 0.973 0.954 0.685 0.656 0.256 0.262
72 fcst vd 970315 6540 -0.443 0.557 0.338 0.513 0.319 0.546 0.103 0.316 0.259 4566 -0.028 0.112 0.109 0.954 0.918 0.691 0.664 0.256 0.275
96 fcst vd 970315 6540 -0.454 0.567 0.340 0.497 0.280 0.546 0.092 0.316 0.243 4471 -0.029 0.133 0.129 0.937 0.885 0.690 0.661 0.260 0.276
120 fcst vd 970315 6540 -0.490 0.604 0.353 0.457 0.108 0.546 0.056 0.316 0.196 4346 -0.041 0.137 0.131 0.932 0.885 0.704 0.663 0.253 0.280
144 fcst vd 970315 6539 -0.505 0.619 0.357 0.447 0.043 0.546 0.041 0.315 0.181 4257 -0.045 0.145 0.138 0.922 0.871 0.711 0.666 0.248 0.281
168 fcst vd 970315
24 fcst vd 970318 6625 -0.442 0.572 0.363 0.500 0.245 0.552 0.110 0.311 0.279 4723 -0.014 0.084 0.083 0.971 0.945 0.689 0.675 0.241 0.252
48 fcst vd 970318 6625 -0.435 0.568 0.365 0.506 0.257 0.552 0.116 0.311 0.287 4796 -0.003 0.094 0.094 0.964 0.933 0.688 0.685 0.239 0.261
72 fcst vd 970318 6625 -0.431 0.561 0.359 0.512 0.281 0.552 0.121 0.311 0.288 4749 -0.016 0.104 0.103 0.955 0.918 0.693 0.677 0.237 0.260
96 fcst vd 970318 6625 -0.444 0.567 0.352 0.502 0.267 0.552 0.107 0.311 0.268 4710 -0.034 0.120 0.114 0.940 0.899 0.698 0.664 0.233 0.262
120 fcst vd 970318 6625 -0.430 0.559 0.357 0.517 0.296 0.552 0.122 0.311 0.291 4698 -0.043 0.136 0.129 0.923 0.871 0.698 0.655 0.235 0.262
144 fcst vd 970318 6625 -0.426 0.553 0.353 0.524 0.323 0.552 0.125 0.311 0.295 4595 -0.038 0.152 0.148 0.908 0.844 0.698 0.660 0.239 0.275
168 fcst vd 970318 6625 -0.445 0.564 0.347 0.502 0.279 0.552 0.107 0.311 0.264 4467 -0.037 0.160 0.156 0.899 0.824 0.698 0.661 0.241 0.273
24 fcst vd 970319 7291 -0.424 0.557 0.362 0.517 0.267 0.530 0.107 0.318 0.277 5097 -0.018 0.070 0.068 0.980 0.964 0.681 0.663 0.251 0.254
48 fcst vd 970319 7291 -0.422 0.555 0.361 0.519 0.273 0.530 0.109 0.318 0.278 4847 -0.031 0.105 0.100 0.957 0.925 0.693 0.661 0.249 0.262
72 fcst vd 970319 7291 -0.421 0.552 0.357 0.524 0.287 0.530 0.109 0.318 0.277 4852 -0.020 0.107 0.106 0.954 0.917 0.699 0.679 0.241 0.265
96 fcst vd 970319 7291 -0.394 0.538 0.367 0.552 0.340 0.530 0.137 0.318 0.321 4802 -0.032 0.120 0.116 0.941 0.898 0.704 0.672 0.241 0.263
120 fcst vd 970319 7291 -0.411 0.542 0.354 0.539 0.330 0.530 0.120 0.318 0.292 4751 -0.050 0.137 0.127 0.923 0.877 0.709 0.660 0.236 0.264
144 fcst vd 970319 7291 -0.422 0.548 0.350 0.525 0.304 0.530 0.109 0.318 0.273 4798 -0.048 0.167 0.160 0.888 0.806 0.701 0.653 0.246 0.264
168 fcst vd 970319 7291 -0.415 0.542 0.349 0.536 0.331 0.530 0.116 0.318 0.284 4650 -0.050 0.163 0.155 0.898 0.830 0.706 0.656 0.245 0.277
24 fcst vd 970313 7008 -0.419 0.533 0.330 0.525 0.338 0.512 0.093 0.317 0.248 4657 -0.001 0.083 0.083 0.976 0.955 0.658 0.657 0.263 0.278
48 fcst vd 970313 7008 -0.402 0.518 0.326 0.551 0.396 0.512 0.110 0.317 0.271 4496 -0.007 0.115 0.115 0.954 0.912 0.665 0.658 0.263 0.279
72 fcst vd 970313 7008 -0.442 0.555 0.335 0.490 0.246 0.512 0.070 0.317 0.211 4510 -0.023 0.135 0.133 0.939 0.891 0.668 0.645 0.263 0.291
96 fcst vd 970313 7008 -0.456 0.567 0.337 0.480 0.200 0.512 0.056 0.317 0.194 4270 -0.022 0.126 0.124 0.941 0.898 0.687 0.665 0.250 0.282
120 fcst vd 970313
144 fcst vd 970313 7008 -0.486 0.600 0.353 0.447-0.005 0.512 0.026 0.317 0.152 4094 -0.034 0.142 0.138 0.925 0.873 0.701 0.667 0.245 0.283
168 fcst vd 970313 7008 -0.474 0.600 0.367 0.446-0.002 0.512 0.038 0.317 0.183 4030 -0.039 0.152 0.147 0.915 0.861 0.703 0.664 0.245 0.289
24 fcst vd 970314 6541 -0.436 0.551 0.337 0.511 0.310 0.535 0.099 0.312 0.256 4728 -0.011 0.066 0.065 0.984 0.968 0.667 0.656 0.260 0.261
48 fcst vd 970314 6541 -0.429 0.544 0.335 0.521 0.337 0.535 0.106 0.312 0.265 4564 -0.012 0.099 0.098 0.965 0.934 0.677 0.664 0.257 0.274
72 fcst vd 970314 6541 -0.445 0.556 0.334 0.497 0.287 0.535 0.090 0.312 0.238 4430 -0.016 0.130 0.129 0.937 0.884 0.681 0.665 0.258 0.275
96 fcst vd 970314 6541 -0.488 0.605 0.356 0.447 0.049 0.535 0.047 0.312 0.187 4345 -0.025 0.132 0.129 0.937 0.887 0.689 0.664 0.254 0.280
120 fcst vd 970314 6540 -0.502 0.606 0.341 0.450 0.075 0.535 0.034 0.312 0.161 4259 -0.029 0.137 0.134 0.931 0.880 0.696 0.667 0.251 0.281
144 fcst vd 970314
168 fcst vd 970314 6541 -0.505 0.619 0.359 0.436-0.029 0.535 0.031 0.312 0.169 4101 -0.041 0.150 0.144 0.917 0.862 0.708 0.667 0.247 0.284
24 fcst vd 970315 6540 -0.447 0.564 0.344 0.507 0.295 0.546 0.099 0.316 0.259 4738 -0.018 0.066 0.064 0.983 0.970 0.682 0.664 0.257 0.262
48 fcst vd 970315 6540 -0.445 0.563 0.344 0.511 0.302 0.546 0.101 0.316 0.263 4706 -0.029 0.084 0.079 0.973 0.954 0.685 0.656 0.256 0.262
72 fcst vd 970315 6540 -0.443 0.557 0.338 0.513 0.319 0.546 0.103 0.316 0.259 4566 -0.028 0.112 0.109 0.954 0.918 0.691 0.664 0.256 0.275
96 fcst vd 970315 6540 -0.454 0.567 0.340 0.497 0.280 0.546 0.092 0.316 0.243 4471 -0.029 0.133 0.129 0.937 0.885 0.690 0.661 0.260 0.276
120 fcst vd 970315 6540 -0.490 0.604 0.353 0.457 0.108 0.546 0.056 0.316 0.196 4346 -0.041 0.137 0.131 0.932 0.885 0.704 0.663 0.253 0.280
144 fcst vd 970315 6539 -0.505 0.619 0.357 0.447 0.043 0.546 0.041 0.315 0.181 4257 -0.045 0.145 0.138 0.922 0.871 0.711 0.666 0.248 0.281
168 fcst vd 970315
24 fcst vd 970316 6224 -0.457 0.579 0.356 0.506 0.287 0.568 0.111 0.322 0.270 4696 -0.017 0.074 0.072 0.979 0.961 0.697 0.681 0.254 0.259
48 fcst vd 970316 6224 -0.455 0.579 0.357 0.507 0.289 0.568 0.112 0.322 0.273 4621 -0.035 0.094 0.087 0.966 0.942 0.705 0.671 0.250 0.259
72 fcst vd 970316 6224 -0.458 0.580 0.356 0.504 0.286 0.568 0.109 0.322 0.269 4625 -0.044 0.105 0.095 0.957 0.932 0.704 0.659 0.253 0.261
96 fcst vd 970316 6224 -0.460 0.582 0.357 0.501 0.280 0.568 0.108 0.322 0.268 4468 -0.042 0.126 0.119 0.940 0.898 0.712 0.670 0.250 0.271
120 fcst vd 970316 6224 -0.480 0.598 0.357 0.476 0.213 0.568 0.088 0.322 0.238 4381 -0.043 0.143 0.136 0.924 0.869 0.709 0.666 0.256 0.273
144 fcst vd 970316 6224 -0.510 0.629 0.368 0.449 0.072 0.568 0.058 0.322 0.203 4333 -0.055 0.150 0.140 0.919 0.869 0.715 0.660 0.254 0.283
168 fcst vd 970316 6224 -0.531 0.639 0.356 0.446 0.059 0.568 0.037 0.322 0.172 4195 -0.060 0.158 0.147 0.905 0.852 0.729 0.669 0.243 0.280
24 fcst vd 970317 6102 -0.458 0.583 0.360 0.489 0.224 0.560 0.102 0.312 0.262 4627 0.013 0.085 0.084 0.972 0.946 0.682 0.694 0.248 0.259
48 fcst vd 970317 6102 -0.450 0.576 0.359 0.498 0.248 0.560 0.110 0.312 0.271 4590 -0.003 0.096 0.096 0.962 0.928 0.689 0.685 0.244 0.259
72 fcst vd 970317 6102 -0.453 0.576 0.357 0.496 0.247 0.560 0.108 0.312 0.266 4531 -0.022 0.110 0.108 0.950 0.909 0.694 0.673 0.241 0.260
96 fcst vd 970317 6102 -0.452 0.576 0.357 0.497 0.248 0.560 0.108 0.312 0.268 4508 -0.029 0.133 0.129 0.927 0.869 0.696 0.667 0.241 0.259
120 fcst vd 970317 6102 -0.454 0.578 0.358 0.494 0.243 0.560 0.106 0.312 0.266 4364 -0.029 0.140 0.137 0.921 0.864 0.703 0.675 0.238 0.272
144 fcst vd 970317 6101 -0.469 0.586 0.350 0.479 0.211 0.561 0.091 0.312 0.238 4293 -0.029 0.152 0.149 0.912 0.843 0.698 0.669 0.248 0.275
168 fcst vd 970317 6101 -0.481 0.592 0.346 0.471 0.192 0.561 0.080 0.312 0.220 4191 -0.041 0.160 0.154 0.902 0.836 0.709 0.669 0.240 0.281
