231137 P Water       6  54 108   100  1  0  0  0
231132 P Amt         6  61   1     0  1  0  0  4
240020 1000 mb Tmp   6  11 100  1000  1  0  0  0
226020 950  mb Tmp   6  11 100   950  1  0  0  0
220020 900  mb Tmp   6  11 100   900  1  0  0  0
205020 850  mb Tmp   6  11 100   850  1  0  0  0
200020 800  mb Tmp   6  11 100   800  1  0  0  0
165020 750  mb Tmp   6  11 100   750  1  0  0  0
160020 700  mb Tmp   6  11 100   700  1  0  0  0
120020 500  mb Tmp   6  11 100   500  1  0  0  0
060020 300  mb Tmp   6  11 100   300  1  0  0  0
240130 1000 mb R H   6  52 100  1000  1  0  0  0
226130 950  mb R H   6  52 100   950  1  0  0  0
220130 900  mb R H   6  52 100   900  1  0  0  0
205130 850  mb R H   6  52 100   850  1  0  0  0
200130 800  mb R H   6  52 100   800  1  0  0  0
165130 750  mb R H   6  52 100   750  1  0  0  0
160130 700  mb R H   6  52 100   700  1  0  0  0
120130 500  mb R H   6  52 100   500  1  0  0  0
060130 300  mb R H   6  52 100   300  1  0  0  0
100130 47-100s R H   6  52 108 12132  1  0  0  0
240001 1000 mb Hgt   6   7 100  1000  1  0  0  0
226001 950  mb Hgt   6   7 100   950  1  0  0  0
205001 850  mb Hgt   6   7 100   850  1  0  0  0
160001 700  mb Hgt   6   7 100   700  1  0  0  0
120001 500  mb Hgt   6   7 100   500  1  0  0  0
060001 300  mb Hgt   6   7 100   300  1  0  0  0
226050 950  mb vv    6  39 100   950  1  0  0  0
205050 850  mb vv    6  39 100   850  1  0  0  0
160050 700  mb vv    6  39 100   700  1  0  0  0
120050 500  mb vv    6  39 100   500  1  0  0  0
060050 300  mb vv    6  39 100   300  1  0  0  0
226060 950  mb u     6  33 100   950  1  0  0  0
205060 850  mb u     6  33 100   850  1  0  0  0
160060 700  mb u     6  33 100   700  1  0  0  0
120060 500  mb u     6  33 100   500  1  0  0  0
060060 300  mb u     6  33 100   300  1  0  0  0
238060 10 m    u     6  33 105    10  1  0  0  0
226061 950  mb v     6  34 100   950  1  0  0  0
205061 850  mb v     6  34 100   850  1  0  0  0
160061 700  mb v     6  34 100   700  1  0  0  0
120061 500  mb v     6  34 100   500  1  0  0  0
060061 300  mb v     6  34 100   300  1  0  0  0
238061 10 m    v     6  34 105    10  1  0  0  0
241010 SL Pres       6   2 102     0  1  0  0  0
