ne 292.875  45.042  100  195  0
ne 292.875  44.958  100  195  0
ne 292.875  44.875  100  195  0
ne 292.792  45.208  100  195  0
ne 292.792  45.125  100  195  0
ne 292.792  44.958  100  195  0
ne 292.792  44.875  100  195  0
ne 292.792  44.708  100  195  0
ne 292.708  44.708  100  195  0
ne 292.542  45.708  100  195  6
ne 292.542  45.625  100  195  6
ne 292.458  45.625  100  195  6
ne 292.375  45.625  100  195  6
ne 292.292  45.708  100  195  6
ne 292.292  45.625  100  195  6
ne 292.208  45.792  100  195  0
ne 292.208  45.708  100  195  0
ne 292.208  45.625  100  195  0
ne 292.208  44.625  100  195  0
ne 292.125  45.708  100  195  0
ne 291.875  44.542  100  195  0
ne 291.792  44.542  100  195  0
ne 291.708  44.542  100  195  0
ne 291.542  44.458  100  195  0
ne 291.208  45.625  100  195  0
ne 291.208  44.708  100  195  0
ne 291.208  44.625  100  195  0
ne 291.125  44.625  100  195  0
ne 291.042  44.458  100  195  0
ne 290.958  45.708  100  195  1
ne 290.958  44.458  100  195  0
ne 290.792  45.958  100  195  0
ne 290.792  45.875  100  195  0
ne 290.708  45.958  100  195  0
ne 290.708  45.792  100  195  6
ne 290.625  45.958  100  195  6
ne 290.458  45.708  100  195  6
ne 290.458  45.542  100  195  0
ne 290.375  45.542  100  195  0
ne 290.375  45.458  100  195  0
ne 290.292  45.875  100  195  1
ne 290.292  45.542  100  195  7
ne 290.208  45.792  100  195  1
ne 290.208  45.708  100  195  1
ne 290.208  44.125  100  195  0
ne 290.125  44.042  100  195  0
ne 289.542  43.875  100  195  0
ne 289.542  43.792  100  195  0
ne 289.458  43.958  100  195  0
ne 289.458  43.875  100  195  1
ne 289.458  43.792  100  195  1
ne 289.458  43.375  100  195  1
ne 289.375  43.958  100  195  0
ne 289.375  43.875  100  195  1
ne 289.292  44.875  100  195  0
ne 289.292  41.958  100  195  1
ne 289.292  41.792  100  195  1
ne 289.208  45.042  100  195  0
ne 289.208  44.958  100  195  0
ne 289.208  44.875  100  195  0
ne 289.208  44.792  100  195 16
ne 289.208  42.208  100  195  1
ne 289.125  45.042  100  195  1
ne 289.125  44.958  100  195  1
ne 289.125  42.708  100  195  7
ne 289.125  42.208  100  195  1
ne 289.042  42.208  100  195  1
ne 288.958  44.792  100  195  4
ne 288.958  44.708  100  195 16
ne 288.792  43.625  100  195  8
ne 288.792  43.542  100  195 13
ne 288.792  43.458  100  195 13
ne 288.708  43.542  100  195  1
ne 288.708  43.458  100  195 13
ne 288.625  43.542  100  195  1
ne 288.542  43.708  100  195  7
ne 288.542  43.625  100  195  1
ne 292.958  45.208   99  195  0
ne 289.875  43.875   95  195  0
ne 289.292  43.042   95  195  1
ne 289.208  43.042   95  195  1
ne 289.708  43.708   93  195  0
ne 289.292  43.125   93  195  1
ne 288.958  42.375   92  195  1
ne 288.958  42.292   92  195  1
ne 290.042  43.875   90  195  0
ne 289.958  43.875   90  195  0
ne 290.875  44.125   86  195  0
ne 289.042  42.458   86  195  1
ne 289.708  43.625   84  195  0
ne 289.708  43.542   84  195  0
ne 289.458  43.292   58  195  1
ne 289.375  43.292   58  195  1
ne 289.542  41.542   57  195  7
ne 289.458  41.542   57  195  7
ne 289.458  41.458   57  195  7
ne 289.792  41.625   55  195  7
ne 289.708  41.625   55  195  7
ne 289.208  42.958   50  195  0
ne 289.208  42.875   50  195  0
ne 289.208  42.792   50  195  0
ne 289.125  42.792   50  195  0
ne 289.542  43.375   41  195  1
ne 289.375  43.125   41  195  1
ne 289.458  41.958   40  195  1
ne 289.375  42.125   40  195  1
ne 289.375  41.958   40  195  1
ne 289.708  41.292   37  195 13
ne 289.542  41.375   37  195 13
ne 289.208  42.542   36  195  1
ne 289.208  42.292   34  195  1
ne 289.208  41.375   34  195  1
ne 289.542  41.792   33  195  1
ne 289.208  41.292   33  195  1
ne 292.958  44.708   31  195  0
ne 292.208  44.458   31  195  0
ne 292.042  44.375   30  195  0
ne 290.458  43.792   30  195  0
ne 290.375  43.792   30  195  0
ne 290.208  43.708   29  195  0
ne 290.042  43.708   28  195  0
ne 289.958  43.708   28  195  0
ne 289.875  41.542   55    0  7
ne 289.875  41.458   55    0  7
ne 289.458  42.042   40    0  1
ne 289.542  41.958   38    0  1
ne 289.708  41.208   37    0 13
ne 289.625  41.292   37    0 13
ne 289.625  41.208   37    0 13
ne 289.542  41.292   37    0 13
ne 289.542  41.208   37    0 13
ne 289.708  41.792   34    0  1
ne 289.625  41.875   33    0  1
ne 289.625  41.792   33    0  1
ne 289.542  41.875   33    0  1
ne 290.292  43.708   29    0  0
ne 289.958  43.625   28    0  0
