ok 153.292  48.125   86  195 16
ok 153.292  48.292   81  195 16
ok 153.542  48.125   86    0 16
ok 153.458  48.208   86    0 16
ok 153.458  48.125   86    0 16
ok 153.375  48.292   86    0 16
ok 153.375  48.208   86    0 16
ok 153.375  48.125   86    0 16
ok 153.375  48.042   86    0 16
ok 153.292  48.208   86    0 16
ok 153.208  48.208   86    0 16
ok 153.542  47.958   85    0 16
ok 153.542  47.875   85    0 16
ok 153.458  48.042   85    0 16
ok 153.458  47.958   85    0 16
ok 153.458  47.875   85    0 16
ok 153.375  47.958   85    0 16
ok 153.375  47.875   85    0 16
ok 153.292  47.958   85    0 16
ok 153.958  48.125   83    0 16
ok 153.958  48.042   83    0 16
ok 153.875  48.125   83    0 16
ok 153.042  48.292   83    0 16
ok 152.958  48.292   83    0 16
ok 152.875  48.375   83    0 16
ok 152.875  48.292   83    0 16
ok 152.875  48.208   83    0 16
ok 152.792  48.375   83    0 16
ok 152.792  48.292   83    0 16
ok 152.792  48.208   83    0 16
ok 152.708  48.292   83    0 16
ok 153.458  48.375   81    0 16
ok 153.375  48.458   81    0 16
ok 153.375  48.375   81    0 16
ok 153.292  48.458   81    0 16
ok 153.292  48.375   81    0 16
ok 153.208  48.458   81    0 16
ok 153.208  48.375   81    0 16
ok 152.458  48.625   80    0 16
ok 152.458  48.542   80    0 16
ok 152.375  48.625   80    0 16
ok 152.375  48.542   80    0 16
ok 152.292  48.625   80    0 16
ok 152.292  48.542   80    0 16
ok 152.292  48.458   80    0 16
ok 152.208  48.542   80    0 16
ok 152.042  48.458   78    0 16
ok 151.958  48.458   78    0 16
ok 151.875  48.542   78    0 16
ok 151.875  48.458   78    0 16
ok 151.875  48.375   78    0 16
ok 151.792  48.542   78    0 16
ok 151.792  48.458   78    0 16
ok 151.792  48.375   78    0 16
ok 151.708  48.458   78    0 16
ok 153.958  48.375   77    0 16
ok 153.958  48.292   77    0 16
ok 153.958  48.208   77    0 16
ok 153.875  48.375   77    0 16
ok 153.875  48.292   77    0 16
ok 152.458  48.792   77    0 16
ok 152.375  48.792   77    0 16
ok 152.292  48.875   77    0 16
ok 152.292  48.792   77    0 16
ok 152.292  48.708   77    0 16
ok 152.208  48.875   77    0 16
ok 152.208  48.792   77    0 16
ok 152.208  48.708   77    0 16
ok 152.125  48.792   77    0 16
ok 149.208  48.208   77    0 16
ok 149.125  48.292   77    0 16
ok 149.125  48.208   77    0 16
ok 149.125  48.125   77    0 16
ok 149.042  48.292   77    0 16
ok 149.042  48.208   77    0 16
ok 149.042  48.125   77    0 16
ok 148.958  48.208   77    0 16
ok 153.958  50.792   76    0 14
ok 153.958  50.708   76    0 14
ok 153.958  50.625   76    0 14
ok 153.875  50.792   76    0 14
ok 153.875  50.708   76    0 14
ok 153.542  49.792   76    0 14
ok 153.458  49.875   76    0 14
ok 153.458  49.792   76    0 14
ok 153.458  49.708   76    0 14
ok 153.375  49.875   76    0 14
ok 153.375  49.792   76    0 14
ok 153.375  49.708   76    0 14
ok 153.292  49.792   76    0 14
ok 153.292  49.708   76    0 14
ok 153.208  49.792   76    0 14
ok 151.292  48.542   76    0 16
ok 151.292  48.458   76    0 16
ok 151.208  48.625   76    0 16
ok 151.208  48.542   76    0 16
ok 151.208  48.458   76    0 16
ok 151.125  48.542   76    0 16
ok 151.125  48.458   76    0 16
ok 151.125  48.375   76    0 16
ok 151.042  48.542   76    0 16
ok 151.042  48.458   76    0 16
ok 149.542  48.458   76    0 16
ok 149.458  48.458   76    0 16
ok 149.375  48.542   76    0 16
ok 149.375  48.458   76    0 16
ok 149.375  48.375   76    0 16
ok 149.292  48.542   76    0 16
ok 149.292  48.458   76    0 16
ok 149.292  48.375   76    0 16
ok 149.208  48.458   76    0 16
ok 153.792  51.042   75    0 14
ok 153.708  51.125   75    0 14
ok 153.708  51.042   75    0 14
ok 153.625  51.208   75    0 14
ok 153.625  51.125   75    0 14
ok 153.625  51.042   75    0 14
ok 153.542  51.125   75    0 14
ok 153.542  51.042   75    0 14
ok 153.542  50.958   75    0 14
ok 153.458  51.125   75    0 14
ok 153.458  51.042   75    0 14
ok 152.792  49.875   75    0 14
ok 152.792  49.792   75    0 14
ok 152.708  49.958   75    0 14
ok 152.708  49.875   75    0 14
ok 152.708  49.792   75    0 14
ok 152.625  49.875   75    0 14
ok 152.625  49.792   75    0 14
ok 152.542  49.875   75    0 14
ok 149.542  48.792   75    0 16
ok 149.458  48.792   75    0 16
ok 149.458  48.708   75    0 16
ok 149.375  48.875   75    0 16
ok 149.375  48.792   75    0 16
ok 149.375  48.708   75    0 16
ok 149.292  48.792   75    0 16
ok 149.292  48.708   75    0 16
ok 149.208  48.792   75    0 16
ok 151.875  49.958   74    0 14
ok 151.875  49.875   74    0 14
ok 151.792  50.042   74    0 14
ok 151.792  49.958   74    0 14
ok 151.792  49.875   74    0 14
ok 151.708  49.958   74    0 14
ok 151.708  49.875   74    0 14
ok 151.708  49.792   74    0 14
ok 151.625  49.958   74    0 14
ok 151.625  49.875   74    0 14
ok 151.625  48.792   74    0 16
ok 151.542  48.875   74    0 16
ok 151.542  48.792   74    0 16
ok 151.542  48.708   74    0 16
ok 151.458  48.875   74    0 16
ok 151.458  48.792   74    0 16
ok 151.458  48.708   74    0 16
ok 151.375  48.875   74    0 16
ok 151.375  48.792   74    0 16
ok 151.375  48.708   74    0 16
ok 151.292  48.792   74    0 16
ok 147.208  53.292   74    0 16
ok 147.125  53.292   74    0 16
ok 147.042  53.292   74    0 16
ok 147.042  53.208   74    0 16
ok 153.542  51.958   73    0 14
ok 153.542  51.875   73    0 14
ok 153.458  52.042   73    0 14
ok 153.458  51.958   73    0 14
ok 153.458  51.875   73    0 14
ok 153.375  52.042   73    0 14
ok 153.375  51.958   73    0 14
ok 153.375  51.875   73    0 14
ok 153.292  51.958   73    0 14
ok 153.292  51.875   73    0 14
ok 153.208  51.958   73    0 14
ok 152.792  50.042   73    0 14
ok 152.708  50.292   73    0 14
ok 152.708  50.125   73    0 14
ok 152.708  50.042   73    0 14
ok 152.625  50.375   73    0 14
ok 152.625  50.292   73    0 14
ok 152.625  50.208   73    0 14
ok 152.625  50.125   73    0 14
ok 152.625  50.042   73    0 14
ok 152.625  49.958   73    0 14
ok 152.542  50.375   73    0 14
ok 152.542  50.292   73    0 14
ok 152.542  50.208   73    0 14
ok 152.542  50.125   73    0 14
ok 152.542  50.042   73    0 14
ok 152.458  50.375   73    0 14
ok 152.458  50.292   73    0 14
ok 152.458  50.125   73    0 14
ok 152.458  50.042   73    0 14
ok 152.375  50.292   73    0 14
ok 147.208  53.375   73    0 16
ok 147.125  53.375   73    0 16
ok 147.042  53.375   73    0 16
ok 147.125  53.458   72    0 16
ok 151.125  49.875   71    0 14
ok 151.042  50.125   71    0 14
ok 151.042  49.958   71    0 14
ok 151.042  49.875   71    0 14
ok 150.958  50.208   71    0 14
ok 150.958  50.125   71    0 14
ok 150.958  50.042   71    0 14
ok 150.958  49.958   71    0 14
ok 150.958  49.875   71    0 14
ok 150.958  49.792   71    0 14
ok 150.875  50.208   71    0 14
ok 150.875  50.125   71    0 14
ok 150.875  50.042   71    0 14
ok 150.875  49.958   71    0 14
ok 150.875  49.875   71    0 14
ok 150.875  49.792   71    0 14
ok 150.792  50.208   71    0 14
ok 150.792  50.125   71    0 14
ok 150.792  50.042   71    0 14
ok 150.792  49.958   71    0 14
ok 150.792  49.875   71    0 14
ok 150.708  50.125   71    0 14
ok 148.208  51.208   71    0 14
ok 148.125  51.292   71    0 14
ok 148.125  51.208   71    0 14
ok 148.125  51.125   71    0 14
ok 148.042  51.292   71    0 14
ok 148.042  51.208   71    0 14
ok 148.042  51.125   71    0 14
ok 147.958  51.208   71    0 14
ok 147.958  51.125   71    0 14
ok 147.875  51.208   71    0 14
ok 147.042  53.708   71    0 16
ok 150.542  51.042   69    0 14
ok 150.458  51.042   69    0 14
ok 150.458  50.958   69    0 14
ok 150.375  51.125   69    0 14
ok 150.375  51.042   69    0 14
ok 150.375  50.958   69    0 14
ok 150.375  50.875   69    0 14
ok 150.375  50.458   69    0 14
ok 150.292  51.042   69    0 14
ok 150.292  50.958   69    0 14
ok 150.292  50.542   69    0 14
ok 150.292  50.458   69    0 14
ok 150.208  51.042   69    0 14
ok 150.208  50.625   69    0 14
ok 150.208  50.542   69    0 14
ok 150.208  50.458   69    0 14
ok 150.208  50.375   69    0 14
ok 150.125  50.542   69    0 14
ok 150.125  50.458   69    0 14
ok 150.125  50.375   69    0 14
ok 150.042  50.542   69    0 14
ok 150.042  50.458   69    0 14
ok 147.958  47.042   69    0 16
ok 147.875  47.125   69    0 16
ok 147.875  47.042   69    0 16
ok 147.792  47.125   69    0 16
ok 147.792  47.042   69    0 16
ok 147.708  47.042   69    0 16
ok 148.375  50.625   68    0 14
ok 148.375  50.542   68    0 14
ok 148.292  50.708   68    0 14
ok 148.292  50.625   68    0 14
ok 148.292  50.542   68    0 14
ok 148.292  50.458   68    0 14
ok 148.208  50.625   68    0 14
ok 148.208  50.542   68    0 14
ok 148.208  50.458   68    0 14
ok 148.125  50.625   68    0 14
ok 148.125  50.542   68    0 14
ok 147.625  51.125   67    0 14
ok 147.542  51.208   67    0 14
ok 147.542  51.125   67    0 14
ok 147.458  51.208   67    0 14
ok 147.458  51.125   67    0 14
ok 147.458  51.042   67    0 14
ok 147.375  51.208   67    0 14
ok 147.375  51.125   67    0 14
ok 147.375  51.042   67    0 14
ok 147.292  51.125   67    0 14
ok 153.958  53.125   17    0 14
ok 153.958  53.042   17    0 14
ok 153.875  53.208   17    0 14
ok 153.875  53.125   17    0 14
ok 153.875  53.042   17    0 14
ok 153.792  53.208   17    0 14
ok 153.792  53.125   17    0 14
ok 153.792  53.042   17    0 14
ok 153.792  52.958   17    0 14
ok 153.708  53.125   17    0 14
ok 153.708  53.042   17    0 14
ok 153.625  53.125   17    0 14
ok 153.625  53.042   17    0 14
ok 153.542  53.125   17    0 14
ok 153.542  53.042   17    0 14
ok 153.458  53.125   17    0 14
ok 153.458  53.042   17    0 14
ok 153.458  52.958   17    0 14
ok 153.375  53.125   17    0 14
ok 153.375  53.042   17    0 14
ok 153.375  52.958   17    0 14
ok 153.292  53.042   17    0 14
ok 153.208  53.042   17    0 14
ok 151.542  53.208   17    0 14
ok 151.458  53.292   17    0 14
ok 151.458  53.208   17    0 14
ok 151.458  53.125   17    0 14
ok 151.375  53.292   17    0 14
ok 151.375  53.208   17    0 14
ok 151.375  53.125   17    0 14
ok 151.292  53.292   17    0 14
ok 151.292  53.208   17    0 14
ok 151.292  53.125   17    0 14
ok 151.208  53.208   17    0 14
ok 151.958  53.625   15    0 14
ok 151.875  53.708   15    0 14
ok 151.875  53.625   15    0 14
ok 151.792  53.708   15    0 14
ok 151.792  53.625   15    0 14
ok 151.708  53.708   15    0 14
ok 151.708  53.625   15    0 14
ok 151.708  53.542   15    0 14
ok 151.625  53.708   15    0 14
ok 151.625  53.625   15    0 14
ok 151.542  53.708   15    0 14
ok 151.542  53.625   15    0 14
