ok 153.542  48.125   86    0 16
ok 153.458  48.208   86    0 16
ok 153.458  48.125   86    0 16
ok 153.375  48.292   86    0 16
ok 153.375  48.208   86    0 16
ok 153.375  48.125   86    0 16
ok 153.375  48.042   86    0 16
ok 153.292  48.208   86    0 16
ok 153.292  48.125   86  195 16
ok 153.208  48.208   86    0 16
ok 154.458  47.875   85    0 16
ok 154.458  47.792   85    0 16
ok 154.375  47.958   85    0 16
ok 154.375  47.875   85    0 16
ok 154.375  47.792   85    0 16
ok 154.292  47.875   85    0 16
ok 154.292  47.792   85    0 16
ok 154.292  47.708   85    0 16
ok 154.208  47.875   85    0 16
ok 154.208  47.792   85    0 16
ok 153.542  47.958   85    0 16
ok 153.542  47.875   85    0 16
ok 153.458  48.042   85    0 16
ok 153.458  47.958   85    0 16
ok 153.458  47.875   85    0 16
ok 153.375  47.958   85    0 16
ok 153.375  47.875   85    0 16
ok 153.292  47.958   85    0 16
ok 154.208  48.125   83    0 16
ok 154.208  48.042   83    0 16
ok 154.125  48.208   83    0 16
ok 154.125  48.125   83    0 16
ok 154.125  48.042   83    0 16
ok 154.042  48.208   83    0 16
ok 154.042  48.125   83    0 16
ok 154.042  48.042   83    0 16
ok 154.042  47.958   83    0 16
ok 153.958  48.125   83    0 16
ok 153.958  48.042   83    0 16
ok 153.875  48.125   83    0 16
ok 153.042  48.292   83    0 16
ok 152.958  48.292   83    0 16
ok 152.875  48.375   83    0 16
ok 152.875  48.292   83    0 16
ok 152.875  48.208   83    0 16
ok 152.792  48.375   83    0 16
ok 152.792  48.292   83    0 16
ok 152.792  48.208   83    0 16
ok 152.708  48.292   83    0 16
ok 154.542  59.208   82  195 16
ok 153.458  48.375   81    0 16
ok 153.375  48.458   81    0 16
ok 153.375  48.375   81    0 16
ok 153.292  48.458   81    0 16
ok 153.292  48.375   81    0 16
ok 153.292  48.292   81  195 16
ok 153.208  48.458   81    0 16
ok 153.208  48.375   81    0 16
ok 154.458  59.208   80  195 16
ok 153.708  59.208   80  195 16
ok 153.625  59.208   80  195 16
ok 153.542  59.208   80  195 16
ok 152.458  48.625   80    0 16
ok 152.458  48.542   80    0 16
ok 152.375  48.625   80    0 16
ok 152.375  48.542   80    0 16
ok 152.292  48.625   80    0 16
ok 152.292  48.542   80    0 16
ok 152.292  48.458   80    0 16
ok 152.208  48.542   80    0 16
ok 154.375  59.208   79  195 16
ok 153.625  59.125   79    0 16
ok 155.292  59.292   78    0 16
ok 155.125  59.208   78  195 16
ok 152.042  48.458   78    0 16
ok 151.958  48.458   78    0 16
ok 151.875  48.542   78    0 16
ok 151.875  48.458   78    0 16
ok 151.875  48.375   78    0 16
ok 151.792  48.542   78    0 16
ok 151.792  48.458   78    0 16
ok 151.792  48.375   78    0 16
ok 151.708  48.458   78    0 16
ok 145.292  47.542   78    0 16
ok 145.208  47.458   78    0 16
ok 155.375  59.292   77    0 16
ok 154.292  59.208   77  195 16
ok 154.125  48.375   77    0 16
ok 154.125  48.292   77    0 16
ok 154.042  48.458   77    0 16
ok 154.042  48.375   77    0 16
ok 154.042  48.292   77    0 16
ok 153.958  48.375   77    0 16
ok 153.958  48.292   77    0 16
ok 153.958  48.208   77    0 16
ok 153.875  48.375   77    0 16
ok 153.875  48.292   77    0 16
ok 152.458  48.792   77    0 16
ok 152.375  48.792   77    0 16
ok 152.292  48.875   77    0 16
ok 152.292  48.792   77    0 16
ok 152.292  48.708   77    0 16
ok 152.208  48.875   77    0 16
ok 152.208  48.792   77    0 16
ok 152.208  48.708   77    0 16
ok 152.125  48.792   77    0 16
ok 149.208  48.208   77    0 16
ok 149.125  48.292   77    0 16
ok 149.125  48.208   77    0 16
ok 149.125  48.125   77    0 16
ok 149.042  48.292   77    0 16
ok 149.042  48.208   77    0 16
ok 149.042  48.125   77    0 16
ok 148.958  48.208   77    0 16
ok 145.375  47.542   77    0 16
ok 145.292  47.458   77    0 16
ok 145.208  47.375   77    0 16
ok 155.208  59.208   76  195 16
ok 151.292  48.542   76    0 16
ok 151.292  48.458   76    0 16
ok 151.208  48.625   76    0 16
ok 151.208  48.542   76    0 16
ok 151.208  48.458   76    0 16
ok 151.125  48.542   76    0 16
ok 151.125  48.458   76    0 16
ok 151.125  48.375   76    0 16
ok 151.042  48.542   76    0 16
ok 151.042  48.458   76    0 16
ok 149.542  48.458   76    0 16
ok 149.458  48.458   76    0 16
ok 149.375  48.542   76    0 16
ok 149.375  48.458   76    0 16
ok 149.375  48.375   76    0 16
ok 149.292  48.542   76    0 16
ok 149.292  48.458   76    0 16
ok 149.292  48.375   76    0 16
ok 149.208  48.458   76    0 16
ok 146.208  53.708   76    0 16
ok 146.208  53.625   76    0 16
ok 146.125  53.792   76    0 16
ok 146.125  53.708   76    0 16
ok 146.125  53.625   76    0 16
ok 146.042  53.792   76    0 16
ok 146.042  53.708   76    0 16
ok 145.958  53.875   76    0 16
ok 145.958  53.792   76    0 16
ok 145.958  53.708   76    0 16
ok 145.875  53.875   76    0 16
ok 145.875  53.792   76    0 16
ok 145.875  53.708   76    0 16
ok 145.792  54.208   76    0 16
ok 145.792  54.125   76    0 16
ok 145.792  53.958   76    0 16
ok 145.792  53.875   76    0 16
ok 145.792  53.792   76    0 16
ok 145.792  53.708   76    0 16
ok 145.708  54.208   76    0 16
ok 145.708  54.125   76    0 16
ok 145.708  53.958   76    0 16
ok 145.708  53.875   76    0 16
ok 145.708  53.792   76    0 16
ok 145.708  53.708   76    0 16
ok 145.625  54.208   76    0 16
ok 145.625  54.125   76    0 16
ok 145.625  54.042   76    0 16
ok 145.625  53.958   76    0 16
ok 145.625  53.875   76    0 16
ok 145.625  53.792   76    0 16
ok 145.542  54.208   76    0 16
ok 145.542  54.125   76    0 16
ok 145.542  54.042   76    0 16
ok 145.542  53.958   76    0 16
ok 145.542  53.875   76    0 16
ok 145.542  47.708   76    0 16
ok 145.458  47.625   76    0 16
ok 145.375  47.458   76    0 16
ok 145.292  47.375   76    0 16
ok 145.208  47.292   76    0 16
ok 155.375  59.208   75    0 16
ok 155.292  59.208   75    0 16
ok 149.542  48.792   75    0 16
ok 149.458  48.792   75    0 16
ok 149.458  48.708   75    0 16
ok 149.375  48.875   75    0 16
ok 149.375  48.792   75    0 16
ok 149.375  48.708   75    0 16
ok 149.292  48.792   75    0 16
ok 149.292  48.708   75    0 16
ok 149.208  48.792   75    0 16
ok 146.542  53.375   75    0 16
ok 146.458  53.708   75    0 16
ok 146.458  53.625   75    0 16
ok 146.375  53.792   75    0 16
ok 146.375  53.708   75    0 16
ok 146.375  53.625   75    0 16
ok 146.375  52.625   75    0 16
ok 146.292  53.875   75    0 16
ok 146.292  53.792   75    0 16
ok 146.292  53.708   75    0 16
ok 146.292  52.625   75    0 16
ok 146.208  53.875   75    0 16
ok 146.208  53.792   75    0 16
ok 146.208  52.625   75    0 16
ok 146.125  53.958   75    0 16
ok 146.125  53.875   75    0 16
ok 146.042  53.875   75    0 16
ok 145.875  54.208   75    0 16
ok 145.625  54.292   75    0 16
ok 145.542  47.625   75    0 16
ok 145.458  53.875   75    0 16
ok 145.458  53.792   75    0 16
ok 145.458  47.542   75    0 16
ok 145.375  47.375   75    0 16
ok 145.292  47.292   75    0 16
ok 145.208  47.208   75    0 16
ok 155.458  59.292   74    0 16
ok 151.625  48.792   74    0 16
ok 151.542  48.875   74    0 16
ok 151.542  48.792   74    0 16
ok 151.542  48.708   74    0 16
ok 151.458  48.875   74    0 16
ok 151.458  48.792   74    0 16
ok 151.458  48.708   74    0 16
ok 151.375  48.875   74    0 16
ok 151.375  48.792   74    0 16
ok 151.375  48.708   74    0 16
ok 151.292  48.792   74    0 16
ok 147.208  53.292   74    0 16
ok 147.125  53.292   74    0 16
ok 147.042  53.292   74    0 16
ok 147.042  53.208   74    0 16
ok 146.958  53.292   74    0 16
ok 146.958  53.208   74    0 16
ok 146.875  53.292   74    0 16
ok 146.875  53.208   74    0 16
ok 146.792  53.292   74    0 16
ok 146.792  53.208   74    0 16
ok 146.708  53.458   74    0 16
ok 146.708  53.375   74    0 16
ok 146.708  53.292   74    0 16
ok 146.625  53.708   74    0 16
ok 146.625  53.542   74    0 16
ok 146.625  53.458   74    0 16
ok 146.625  53.375   74    0 16
ok 146.625  53.292   74    0 16
ok 146.542  53.792   74    0 16
ok 146.542  53.708   74    0 16
ok 146.542  53.625   74    0 16
ok 146.542  53.542   74    0 16
ok 146.542  53.458   74    0 16
ok 146.458  53.875   74    0 16
ok 146.458  53.792   74    0 16
ok 146.375  53.958   74    0 16
ok 146.375  53.875   74    0 16
ok 146.292  54.042   74    0 16
ok 146.292  53.958   74    0 16
ok 146.208  54.125   74    0 16
ok 146.208  54.042   74    0 16
ok 146.208  53.958   74    0 16
ok 146.125  54.208   74    0 16
ok 146.125  54.125   74    0 16
ok 146.042  54.208   74    0 16
ok 145.542  47.542   74    0 16
ok 145.458  47.458   74    0 16
ok 145.292  47.208   74    0 16
ok 151.208  59.042   73  195 16
ok 149.208  59.542   73  195 16
ok 147.208  53.375   73    0 16
ok 147.125  53.375   73    0 16
ok 147.042  53.375   73    0 16
ok 146.958  53.375   73    0 16
ok 146.875  53.375   73    0 16
ok 146.792  53.458   73    0 16
ok 146.792  53.375   73    0 16
ok 146.708  53.875   73    0 16
ok 146.708  53.542   73    0 16
ok 146.625  53.875   73    0 16
ok 146.625  53.792   73    0 16
ok 146.542  53.958   73    0 16
ok 146.542  53.875   73    0 16
ok 146.458  53.958   73    0 16
ok 146.375  54.042   73    0 16
ok 146.292  54.125   73    0 16
ok 145.625  47.542   73    0 16
ok 145.542  47.458   73    0 16
ok 145.458  47.375   73    0 16
ok 145.375  47.292   73    0 16
ok 145.208  47.125   73    0 16
ok 145.042  54.542   73    0 16
ok 154.458  48.958   72    0 16
ok 154.375  49.042   72    0 16
ok 154.375  48.958   72    0 16
ok 154.292  49.125   72    0 16
ok 154.292  49.042   72    0 16
ok 154.292  48.958   72    0 16
ok 154.292  48.875   72    0 16
ok 154.208  49.042   72    0 16
ok 154.208  48.958   72    0 16
ok 154.208  48.875   72  195 16
ok 154.125  49.042   72    0 16
ok 154.125  48.958   72    0 16
ok 151.208  59.125   72  195 16
ok 149.042  59.208   72  195 16
ok 147.125  53.458   72    0 16
ok 146.875  53.792   72    0 16
ok 146.792  53.875   72    0 16
ok 145.542  47.375   72    0 16
ok 145.458  47.292   72    0 16
ok 145.375  47.208   72    0 16
ok 145.292  47.125   72    0 16
ok 145.042  44.458   72    0 16
ok 148.958  59.208   71  195 16
ok 147.542  59.208   71  195 16
ok 147.042  53.708   71    0 16
ok 145.625  47.458   71    0 16
ok 145.208  47.042   71    0 16
ok 149.208  59.208   70    0 16
ok 149.125  59.208   70  195 16
ok 145.625  47.375   70    0 16
ok 145.542  47.292   70    0 16
ok 145.375  47.125   70    0 16
ok 145.292  47.042   70    0 16
ok 145.125  46.958   70    0 16
ok 149.042  59.292   69  195 16
ok 147.958  47.042   69    0 16
ok 147.958  46.958   69    0 16
ok 147.875  47.125   69    0 16
ok 147.875  47.042   69    0 16
ok 147.875  46.958   69    0 16
ok 147.792  47.125   69    0 16
ok 147.792  47.042   69    0 16
ok 147.792  46.958   69    0 16
ok 147.708  47.042   69    0 16
ok 147.458  59.208   69  195 16
ok 145.708  47.375   69    0 16
ok 145.458  47.125   69    0 16
ok 145.208  46.958   69    0 16
ok 148.958  59.292   68  195 16
ok 148.875  59.292   68  195 16
ok 148.708  59.292   68  195 16
ok 146.208  52.708   68    0 16
ok 145.375  47.042   68    0 16
ok 145.292  46.958   68    0 16
ok 145.125  46.875   68    0 16
ok 151.292  59.125   67  195 16
ok 148.792  59.292   67  195 16
ok 148.625  59.292   67  195 16
ok 145.542  47.125   67    0 16
ok 149.125  59.542   66  195 16
ok 145.375  46.958   66    0 16
ok 155.708  51.042   65    0 16
ok 155.625  51.042   65    0 16
ok 155.625  50.958   65    0 16
ok 146.125  52.708   65    0 16
ok 155.625  51.125   64    0 16
ok 155.542  51.125   64    0 16
ok 155.542  51.042   64    0 16
ok 155.042  49.208   64    0 16
ok 155.042  49.125   64    0 16
ok 154.958  49.208   64    0 16
ok 154.958  49.125   64    0 16
ok 154.875  49.208   64    0 16
ok 154.875  49.125   64    0 16
ok 154.875  49.042   64    0 16
ok 154.792  49.208   64    0 16
ok 154.792  49.125   64    0 16
ok 147.458  59.292   64  195 16
ok 146.042  52.708   64    0 16
ok 148.875  45.542   63  195 16
ok 148.792  45.542   63  195 16
ok 147.542  59.292   63  195 16
ok 147.208  44.542   62  195 16
ok 145.792  59.292   62  195 16
ok 155.375  60.458   61    0 16
ok 147.958  56.708   61    0 16
ok 147.125  44.542   61  195 16
ok 146.792  45.375   61    0 16
ok 146.708  45.375   61    0 16
ok 146.708  45.292   61    0 16
ok 146.625  45.292   61    0 16
ok 146.625  45.208   61    0 16
ok 146.542  45.292   61    0 16
ok 146.542  45.208   61    0 16
ok 146.458  44.958   61    0 16
ok 146.458  44.875   61    0 16
ok 146.375  45.125   61    0 16
ok 146.375  44.958   61    0 16
ok 146.292  45.125   61    0 16
ok 146.292  44.958   61    0 16
ok 149.625  45.375   60    0 16
ok 149.542  45.458   60    0 16
ok 149.542  45.375   60    0 16
ok 149.458  45.458   60    0 16
ok 149.125  45.375   60    0 16
ok 149.125  45.292   60    0 16
ok 149.042  45.292   60    0 16
ok 148.292  45.875   60    0 16
ok 148.208  45.875   60    0 16
ok 148.125  45.875   60    0 16
ok 147.875  56.708   60    0 16
ok 147.458  44.458   60    0 16
ok 147.292  44.458   60    0 16
ok 146.792  45.458   60    0 16
ok 146.708  47.042   60    0 16
ok 146.708  45.458   60    0 16
ok 146.625  47.125   60    0 16
ok 146.625  47.042   60    0 16
ok 146.625  45.458   60    0 16
ok 146.625  45.375   60    0 16
ok 146.542  47.125   60    0 16
ok 146.542  47.042   60    0 16
ok 146.542  46.958   60    0 16
ok 146.542  45.458   60    0 16
ok 146.458  47.125   60    0 16
ok 146.458  47.042   60    0 16
ok 146.458  46.958   60    0 16
ok 146.458  45.375   60    0 16
ok 146.458  45.292   60    0 16
ok 146.375  47.042   60    0 16
ok 146.375  45.375   60    0 16
ok 146.375  45.292   60    0 16
ok 146.375  45.208   60    0 16
ok 146.292  45.292   60    0 16
ok 146.292  45.208   60    0 16
ok 146.208  45.125   60    0 16
ok 146.125  45.125   60    0 16
ok 145.625  44.958   60    0 16
ok 145.542  44.958   60    0 16
ok 145.458  44.958   60    0 16
ok 145.292  44.292   60  195 16
ok 145.208  44.208   60  195 16
ok 146.875  45.542   59    0 16
ok 146.792  45.542   59    0 16
ok 146.708  45.542   59    0 16
ok 146.625  45.542   59    0 16
ok 146.542  45.542   59    0 16
ok 146.458  45.542   59    0 16
ok 146.458  45.458   59    0 16
ok 146.375  45.542   59    0 16
ok 146.375  45.458   59    0 16
ok 146.292  45.542   59    0 16
ok 146.292  45.458   59    0 16
ok 146.292  45.375   59    0 16
ok 146.208  45.542   59    0 16
ok 146.208  45.458   59    0 16
ok 146.208  45.375   59    0 16
ok 146.208  45.292   59    0 16
ok 146.208  45.208   59    0 16
ok 146.125  45.208   59    0 16
ok 145.292  44.208   59  195 16
ok 155.458  60.542   58  195 16
ok 154.292  49.458   58    0 16
ok 154.208  49.542   58    0 16
ok 154.208  49.458   58    0 16
ok 154.208  49.375   58    0 16
ok 154.125  49.542   58    0 16
ok 154.125  49.458   58    0 16
ok 154.125  49.375   58    0 16
ok 154.042  49.542   58    0 16
ok 154.042  49.458   58    0 16
ok 149.792  45.292   58    0 16
ok 149.708  45.375   58    0 16
ok 149.708  45.292   58    0 16
ok 149.625  45.292   58    0 16
ok 149.625  45.208   58    0 16
ok 149.542  45.292   58    0 16
ok 149.542  45.208   58    0 16
ok 149.458  45.292   58    0 16
ok 149.458  45.208   58    0 16
ok 149.375  45.208   58    0 16
ok 148.875  59.375   58  195 16
ok 148.792  59.375   58  195 16
ok 148.792  45.708   58    0 16
ok 148.458  45.708   58    0 16
ok 148.292  45.792   58    0 16
ok 148.208  45.792   58    0 16
ok 147.875  45.625   58    0 16
ok 147.458  44.375   58    0 16
ok 147.375  44.375   58    0 16
ok 147.292  44.375   58    0 16
ok 147.208  44.458   58    0 16
ok 147.042  45.625   58    0 16
ok 146.958  53.042   58    0 16
ok 146.958  52.958   58    0 16
ok 146.875  53.042   58    0 16
ok 146.875  52.958   58    0 16
ok 146.792  52.958   58    0 16
ok 146.792  52.875   58    0 16
ok 146.792  45.625   58    0 16
ok 146.708  45.625   58    0 16
ok 146.625  45.625   58    0 16
ok 146.125  45.458   58    0 16
ok 146.125  45.375   58    0 16
ok 146.125  45.292   58    0 16
ok 146.042  45.208   58    0 16
ok 145.958  45.125   58    0 16
ok 145.875  45.125   58    0 16
ok 145.792  45.042   58    0 16
ok 145.708  45.042   58    0 16
ok 145.625  45.042   58    0 16
ok 145.542  45.042   58    0 16
ok 145.458  45.042   58    0 16
ok 145.375  45.042   58    0 16
ok 145.042  45.292   58    0 16
ok 149.792  45.625   57    0 16
ok 149.792  45.542   57    0 16
ok 149.792  45.458   57    0 16
ok 149.708  45.542   57    0 16
ok 149.708  45.458   57    0 16
ok 149.625  45.542   57    0 16
ok 149.625  45.458   57    0 16
ok 148.875  45.708   57    0 16
ok 148.375  45.792   57    0 16
ok 148.375  45.708   57    0 16
ok 147.875  45.708   57    0 16
ok 147.208  44.375   57    0 16
ok 147.125  44.458   57    0 16
ok 147.125  44.375   57    0 16
ok 147.042  45.875   57    0 16
ok 147.042  45.792   57    0 16
ok 147.042  45.708   57    0 16
ok 147.042  44.458   57  195 16
ok 147.042  44.375   57    0 16
ok 146.958  45.875   57    0 16
ok 146.958  45.792   57    0 16
ok 146.958  45.708   57    0 16
ok 146.875  45.792   57    0 16
ok 146.875  45.708   57    0 16
ok 146.792  53.042   57    0 16
ok 146.792  45.708   57    0 16
ok 146.708  52.958   57    0 16
ok 146.542  53.042   57    0 16
ok 146.042  45.375   57    0 16
ok 146.042  45.292   57    0 16
ok 145.958  45.375   57    0 16
ok 145.958  45.208   57    0 16
ok 145.792  45.125   57    0 16
ok 145.708  45.125   57    0 16
ok 145.458  45.208   57    0 16
ok 145.375  45.208   57    0 16
ok 145.292  45.292   57    0 16
ok 145.208  45.292   57    0 16
ok 145.125  45.375   57    0 16
ok 145.125  45.292   57    0 16
ok 150.458  59.542   56  195 16
ok 148.958  45.958   56    0 16
ok 148.958  45.875   56    0 16
ok 148.875  45.875   56    0 16
ok 148.792  45.958   56    0 16
ok 148.792  45.875   56    0 16
ok 148.708  59.375   56  195 16
ok 148.708  45.958   56    0 16
ok 148.458  45.875   56    0 16
ok 148.375  45.875   56    0 16
ok 147.958  44.542   56    0 16
ok 147.875  44.542   56    0 16
ok 147.792  56.708   56    0 16
ok 146.875  53.125   56    0 16
ok 146.708  53.042   56    0 16
ok 146.625  53.042   56    0 16
ok 146.208  52.875   56    0 16
ok 146.208  52.542   56    0 16
ok 146.125  52.542   56    0 16
ok 146.125  52.458   56    0 16
ok 145.958  45.292   56    0 16
ok 145.875  45.375   56    0 16
ok 145.875  45.292   56    0 16
ok 145.875  45.208   56    0 16
ok 145.625  45.125   56    0 16
ok 145.542  45.125   56    0 16
ok 145.458  45.125   56    0 16
ok 145.375  45.292   56    0 16
ok 145.292  45.375   56    0 16
ok 145.208  45.375   56    0 16
ok 145.125  56.458   56    0 16
ok 145.125  45.458   56    0 16
ok 145.042  45.625   56    0 16
ok 145.042  45.458   56    0 16
ok 146.792  53.125   55    0 16
ok 146.542  53.125   55    0 16
ok 146.042  52.542   55    0 16
ok 145.792  45.375   55    0 16
ok 145.792  45.292   55    0 16
ok 145.792  45.208   55    0 16
ok 145.708  45.375   55    0 16
ok 145.708  45.208   55    0 16
ok 145.625  45.375   55    0 16
ok 145.625  45.208   55    0 16
ok 145.542  45.208   55    0 16
ok 145.375  45.375   55    0 16
ok 145.208  45.458   55    0 16
ok 145.125  56.375   55    0 16
ok 145.125  45.542   55    0 16
ok 145.042  45.708   55    0 16
ok 145.042  45.542   55    0 16
ok 150.542  45.958   54    0 16
ok 150.542  45.875   54    0 16
ok 150.458  46.042   54    0 16
ok 150.458  45.958   54    0 16
ok 148.708  44.875   54    0 16
ok 148.625  44.958   54    0 16
ok 148.625  44.875   54    0 16
ok 148.125  44.625   54    0 16
ok 148.125  44.542   54    0 16
ok 148.042  44.542   54    0 16
ok 147.542  45.042   54  195 16
ok 147.458  45.042   54    0 16
ok 147.458  44.958   54  195 16
ok 147.375  44.958   54  195 16
ok 146.625  53.125   54    0 16
ok 146.292  52.542   54    0 16
ok 146.042  52.458   54    0 16
ok 145.708  45.292   54    0 16
ok 145.625  56.792   54    0 16
ok 145.625  45.292   54    0 16
ok 145.542  56.458   54    0 16
ok 145.542  45.292   54    0 16
ok 145.458  45.292   54    0 16
ok 145.125  45.708   54    0 16
ok 152.042  57.375   52    0 16
ok 148.542  44.875   52    0 16
ok 148.542  44.792   52    0 16
ok 148.542  44.708   52    0 16
ok 148.458  44.708   52    0 16
ok 148.458  44.625   52    0 16
ok 148.375  44.792   52    0 16
ok 148.375  44.708   52    0 16
ok 148.375  44.625   52    0 16
ok 148.292  44.708   52    0 16
ok 148.292  44.625   52    0 16
ok 148.208  44.625   52    0 16
ok 148.125  45.792   52    0 16
ok 147.958  45.708   52    0 16
ok 146.708  53.208   52    0 16
ok 146.708  53.125   52    0 16
ok 146.625  53.208   52    0 16
ok 146.458  53.542   52    0 16
ok 146.458  53.458   52    0 16
ok 146.458  53.208   52    0 16
ok 146.458  53.125   52    0 16
ok 146.458  52.625   52    0 16
ok 146.375  53.542   52    0 16
ok 146.375  53.458   52    0 16
ok 146.375  53.208   52    0 16
ok 146.292  53.625   52    0 16
ok 146.292  53.542   52    0 16
ok 146.208  52.458   52    0 16
ok 145.958  52.458   52    0 16
ok 145.875  59.375   52  195 16
ok 145.875  52.458   52    0 16
ok 145.792  52.542   52    0 16
ok 145.792  52.458   52    0 16
ok 145.708  52.458   52    0 16
ok 145.708  52.375   52    0 16
ok 145.625  52.458   52    0 16
ok 145.625  52.375   52    0 16
ok 145.375  56.625   52    0 16
ok 145.375  56.542   52    0 16
ok 145.292  56.625   52    0 16
ok 145.292  56.542   52    0 16
ok 145.292  52.625   52    0 16
ok 145.208  56.542   52    0 16
ok 145.208  56.375   52    0 16
ok 145.208  52.625   52    0 16
ok 145.042  45.042   52    0 16
ok 156.292  52.625   51  195 16
ok 152.792  57.542   51    0 16
ok 152.708  57.542   51    0 16
ok 152.542  57.458   51    0 16
ok 152.125  57.292   51    0 16
ok 152.042  57.458   51    0 16
ok 151.958  57.375   51    0 16
ok 148.458  44.792   51    0 16
ok 147.375  45.458   51    0 16
ok 147.292  45.458   51    0 16
ok 147.208  45.458   51    0 16
ok 147.208  45.375   51    0 16
ok 146.375  52.542   51    0 16
ok 146.125  53.542   51    0 16
ok 146.042  53.625   51    0 16
ok 146.042  53.542   51    0 16
ok 145.792  59.375   51  195 16
ok 145.792  52.375   51    0 16
ok 145.542  56.625   51    0 16
ok 145.542  56.375   51    0 16
ok 145.458  56.625   51    0 16
ok 145.458  56.542   51    0 16
ok 145.042  45.208   51    0 16
ok 155.375  60.542   50  195 16
ok 152.958  57.625   50    0 16
ok 152.875  57.625   50    0 16
ok 152.792  57.625   50    0 16
ok 152.625  57.542   50    0 16
ok 152.625  57.458   50    0 16
ok 152.542  57.542   50    0 16
ok 152.458  57.625   50    0 16
ok 152.042  57.292   50    0 16
ok 151.875  57.375   50    0 16
ok 151.792  57.375   50    0 16
ok 148.875  59.458   50  195 16
ok 148.042  45.792   50    0 16
ok 147.958  45.792   50    0 16
ok 146.292  52.458   50    0 16
ok 146.292  44.875   50    0 16
ok 146.208  44.958   50    0 16
ok 146.208  44.875   50    0 16
ok 146.125  44.958   50    0 16
ok 145.958  53.625   50    0 16
ok 145.958  44.792   50    0 16
ok 145.875  53.625   50    0 16
ok 145.792  56.875   50    0 16
ok 145.708  59.375   50  195 16
ok 145.208  56.458   50    0 16
ok 145.125  56.542   50    0 16
ok 156.292  52.542   49  195 16
ok 152.458  57.542   49    0 16
ok 152.375  57.542   49    0 16
ok 152.208  57.625   49    0 16
ok 152.125  57.625   49    0 16
ok 152.125  57.542   49    0 16
ok 152.042  57.625   49    0 16
ok 151.792  57.292   49    0 16
ok 151.708  57.292   49    0 16
ok 149.875  56.875   49    0 16
ok 149.792  56.875   49    0 16
ok 149.792  56.792   49    0 16
ok 149.708  56.875   49    0 16
ok 149.708  56.792   49    0 16
ok 149.625  56.792   49    0 16
ok 149.625  56.708   49    0 16
ok 149.542  56.792   49    0 16
ok 147.875  45.792   49    0 16
ok 146.708  52.875   49    0 16
ok 146.625  52.875   49    0 16
ok 146.542  52.708   49    0 16
ok 146.458  52.542   49    0 16
ok 146.042  52.375   49    0 16
ok 146.042  44.958   49    0 16
ok 146.042  44.875   49    0 16
ok 145.958  52.375   49    0 16
ok 145.958  44.875   49    0 16
ok 145.875  52.375   49    0 16
ok 145.792  52.292   49    0 16
ok 145.708  52.292   49    0 16
ok 145.625  56.708   49    0 16
ok 145.542  56.708   49    0 16
ok 145.458  56.708   49    0 16
ok 145.292  56.375   49    0 16
ok 153.375  57.708   48    0 16
ok 153.375  57.625   48    0 16
ok 153.292  57.708   48    0 16
ok 153.292  57.625   48    0 16
ok 153.208  57.625   48    0 16
ok 153.208  57.542   48    0 16
ok 153.125  57.625   48    0 16
ok 152.292  57.542   48    0 16
ok 152.292  57.458   48    0 16
ok 152.208  57.542   48    0 16
ok 151.958  57.292   48    0 16
ok 151.875  57.292   48    0 16
ok 150.542  59.542   48  195 16
ok 146.708  52.792   48    0 16
ok 146.625  44.375   48    0 16
ok 146.542  52.625   48    0 16
ok 146.542  52.542   48    0 16
ok 146.542  44.375   48  195 16
ok 146.458  44.375   48  195 16
ok 146.125  52.375   48    0 16
ok 145.958  44.958   48    0 16
ok 145.875  44.958   48    0 16
ok 145.875  44.875   48    0 16
ok 145.792  44.875   48    0 16
ok 145.708  56.792   48    0 16
ok 145.708  53.625   48    0 16
ok 145.625  56.375   48    0 16
ok 145.625  53.625   48    0 16
ok 145.542  53.625   48    0 16
ok 145.542  53.542   48    0 16
ok 145.458  53.542   48    0 16
ok 145.375  56.375   48    0 16
ok 145.042  45.125   48    0 16
ok 156.875  50.542   47    0 16
ok 156.792  50.542   47    0 16
ok 156.708  50.625   47    0 16
ok 156.708  50.542   47    0 16
ok 156.625  50.625   47    0 16
ok 152.958  57.708   47    0 16
ok 152.042  57.208   47    0 16
ok 151.958  57.208   47    0 16
ok 151.875  57.208   47    0 16
ok 151.792  57.208   47    0 16
ok 151.542  57.375   47    0 16
ok 148.042  56.625   47    0 16
ok 147.958  56.625   47    0 16
ok 147.875  56.625   47    0 16
ok 147.708  56.625   47    0 16
ok 146.792  52.792   47    0 16
ok 146.625  52.708   47    0 16
ok 146.375  52.458   47    0 16
ok 145.375  56.708   47    0 16
ok 145.208  44.958   47    0 16
ok 145.208  44.875   47    0 16
ok 145.125  47.125   47    0 16
ok 145.125  47.042   47    0 16
ok 145.125  45.125   47    0 16
ok 145.125  45.042   47    0 16
ok 145.125  44.958   47    0 16
ok 145.042  47.042   47    0 16
ok 145.042  44.958   47    0 16
ok 154.042  57.875   46    0 16
ok 153.958  57.958   46    0 16
ok 153.958  57.875   46    0 16
ok 153.875  57.875   46    0 16
ok 153.792  57.875   46    0 16
ok 151.708  57.375   46    0 16
ok 150.792  57.125   46    0 16
ok 150.708  57.125   46    0 16
ok 150.625  57.125   46    0 16
ok 147.792  56.625   46    0 16
ok 147.708  56.542   46    0 16
ok 147.625  56.625   46    0 16
ok 146.875  52.792   46    0 16
ok 146.708  52.708   46    0 16
ok 146.208  52.375   46    0 16
ok 145.625  43.958   46  195 16
ok 145.458  56.458   46    0 16
ok 145.458  44.875   46    0 16
ok 145.375  44.958   46    0 16
ok 145.375  44.875   46    0 16
ok 145.292  45.042   46    0 16
ok 145.292  44.958   46    0 16
ok 145.208  45.042   46    0 16
ok 156.792  61.458   45    0 16
ok 154.125  57.958   45    0 16
ok 154.042  57.958   45    0 16
ok 152.125  57.375   45    0 16
ok 151.625  57.375   45    0 16
ok 151.625  57.292   45    0 16
ok 151.458  57.375   45    0 16
ok 147.375  56.708   45    0 16
ok 147.292  56.625   45    0 16
ok 146.625  52.625   45    0 16
ok 146.208  53.542   45    0 16
ok 146.208  53.458   45    0 16
ok 146.125  53.458   45    0 16
ok 145.708  56.375   45    0 16
ok 145.708  56.208   45    0 16
ok 145.708  56.125   45    0 16
ok 145.625  56.125   45    0 16
ok 145.625  56.042   45    0 16
ok 145.542  56.542   45    0 16
ok 145.542  56.125   45    0 16
ok 145.542  56.042   45    0 16
ok 145.375  45.125   45    0 16
ok 145.292  56.458   45    0 16
ok 145.292  45.208   45    0 16
ok 145.292  45.125   45    0 16
ok 145.208  45.208   45    0 16
ok 145.208  45.125   45    0 16
ok 145.125  45.208   45    0 16
ok 152.125  57.458   44    0 16
ok 150.792  57.208   44    0 16
ok 150.542  57.125   44    0 16
ok 150.458  57.125   44    0 16
ok 150.375  57.125   44    0 16
ok 150.292  57.125   44    0 16
ok 148.292  56.625   44    0 16
ok 146.958  52.708   44    0 16
ok 146.875  52.708   44    0 16
ok 146.792  52.708   44    0 16
ok 146.625  52.542   44    0 16
ok 146.458  52.458   44    0 16
ok 146.292  52.375   44    0 16
ok 146.125  52.875   44    0 16
ok 145.708  56.292   44    0 16
ok 145.458  56.375   44    0 16
ok 145.458  56.292   44    0 16
ok 145.375  56.458   44    0 16
ok 145.375  56.292   44    0 16
ok 145.292  56.708   44    0 16
ok 145.208  56.708   44    0 16
ok 153.625  57.875   43    0 16
ok 153.042  57.625   43    0 16
ok 151.208  57.208   43    0 16
ok 151.125  57.208   43    0 16
ok 151.125  57.125   43    0 16
ok 150.875  57.125   43    0 16
ok 150.292  57.042   43    0 16
ok 150.208  57.042   43    0 16
ok 147.875  56.542   43    0 16
ok 147.792  56.542   43    0 16
ok 147.292  56.708   43    0 16
ok 147.208  56.708   43    0 16
ok 146.958  44.542   43  195 16
ok 146.708  52.625   43    0 16
ok 146.542  52.458   43    0 16
ok 145.875  52.292   43    0 16
ok 145.875  44.042   43  195 16
ok 145.792  56.208   43    0 16
ok 145.708  43.958   43  195 16
ok 145.708  42.958   43    0 16
ok 145.708  42.875   43    0 16
ok 145.625  56.625   43    0 16
ok 145.625  56.292   43    0 16
ok 145.625  56.208   43    0 16
ok 145.542  56.292   43    0 16
ok 145.542  56.208   43    0 16
ok 145.542  43.875   43  195 16
ok 156.875  61.542   42  195 16
ok 156.458  50.125   42    0 16
ok 156.375  50.125   42    0 16
ok 155.292  60.542   42  195 16
ok 151.125  57.292   42    0 16
ok 151.042  57.292   42    0 16
ok 151.042  57.208   42    0 16
ok 150.958  57.208   42    0 16
ok 150.875  57.208   42    0 16
ok 147.958  56.542   42    0 16
ok 147.875  56.458   42    0 16
ok 146.875  52.625   42    0 16
ok 146.792  52.625   42    0 16
ok 146.625  52.458   42    0 16
ok 146.375  52.375   42    0 16
ok 145.875  56.875   42    0 16
ok 145.875  56.208   42    0 16
ok 145.792  56.792   42    0 16
ok 145.792  56.375   42    0 16
ok 145.792  56.292   42    0 16
ok 145.458  56.208   42    0 16
ok 145.292  56.292   42    0 16
ok 153.042  57.708   41    0 16
ok 152.458  57.458   41    0 16
ok 150.958  57.292   41    0 16
ok 148.042  56.542   41    0 16
ok 147.542  56.625   41    0 16
ok 146.792  52.458   41    0 16
ok 146.708  52.542   41    0 16
ok 146.708  52.458   41    0 16
ok 146.708  52.375   41    0 16
ok 146.208  52.292   41    0 16
ok 145.958  52.292   41    0 16
ok 145.875  56.292   41    0 16
ok 145.792  43.958   41  195 16
ok 145.625  52.958   41    0 16
ok 145.625  43.875   41  195 16
ok 145.542  52.958   41    0 16
ok 145.458  56.125   41    0 16
ok 145.375  56.208   41    0 16
ok 145.292  52.875   41    0 16
ok 145.208  52.875   41    0 16
ok 145.125  52.792   41    0 16
ok 156.375  52.542   40  195 16
ok 153.542  57.875   40    0 16
ok 150.458  56.958   40    0 16
ok 150.375  56.958   40    0 16
ok 148.125  56.542   40    0 16
ok 146.875  52.458   40    0 16
ok 146.625  52.375   40    0 16
ok 146.458  52.375   40    0 16
ok 146.292  52.292   40    0 16
ok 146.125  52.292   40    0 16
ok 146.042  52.292   40    0 16
ok 145.625  56.542   40    0 16
ok 145.458  52.958   40    0 16
ok 145.458  52.875   40    0 16
ok 145.375  56.125   40    0 16
ok 145.375  52.875   40    0 16
ok 145.292  52.792   40    0 16
ok 145.208  52.792   40    0 16
ok 145.208  50.708   40    0 16
ok 145.125  52.875   40    0 16
ok 145.125  50.708   40    0 16
ok 145.042  50.792   40    0 16
ok 145.042  50.708   40    0 16
ok 153.125  57.708   39    0 16
ok 150.625  59.542   39  195 16
ok 150.375  57.042   39    0 16
ok 149.375  56.708   39    0 16
ok 146.958  52.542   39    0 16
ok 146.875  52.542   39    0 16
ok 146.792  52.542   39    0 16
ok 146.458  44.292   39    0 16
ok 145.875  56.375   39    0 16
ok 145.875  52.208   39    0 16
ok 145.708  43.875   39  195 16
ok 145.375  52.958   39    0 16
ok 145.292  56.208   39    0 16
ok 145.292  56.125   39    0 16
ok 145.292  56.042   39    0 16
ok 145.208  56.125   39    0 16
ok 145.125  52.958   39    0 16
ok 145.042  52.875   39    0 16
ok 156.375  52.458   38  195 16
ok 152.375  57.458   38    0 16
ok 152.208  57.292   38    0 16
ok 151.542  57.292   38    0 16
ok 150.542  57.042   38    0 16
ok 150.458  57.042   38    0 16
ok 149.458  56.708   38    0 16
ok 148.375  56.625   38    0 16
ok 148.208  56.542   38    0 16
ok 148.042  56.458   38    0 16
ok 147.958  56.458   38    0 16
ok 147.458  56.625   38    0 16
ok 146.542  52.375   38    0 16
ok 146.375  52.292   38    0 16
ok 146.042  56.292   38    0 16
ok 145.958  56.292   38    0 16
ok 145.875  56.458   38    0 16
ok 145.792  56.625   38    0 16
ok 145.708  56.708   38    0 16
ok 145.708  56.625   38    0 16
ok 145.458  53.458   38    0 16
ok 145.375  53.542   38    0 16
ok 145.375  53.458   38    0 16
ok 145.375  52.792   38    0 16
ok 145.208  56.292   38    0 16
ok 154.458  55.958   37    0 16
ok 151.292  57.292   37    0 16
ok 150.875  59.458   37  195 16
ok 150.625  57.042   37    0 16
ok 149.542  56.708   37    0 16
ok 148.208  45.708   37    0 16
ok 147.375  56.625   37    0 16
ok 147.375  56.375   37    0 16
ok 147.292  56.458   37    0 16
ok 147.292  56.375   37    0 16
ok 147.208  56.458   37    0 16
ok 147.208  56.375   37    0 16
ok 147.125  56.458   37    0 16
ok 147.042  56.458   37    0 16
ok 146.542  52.292   37    0 16
ok 146.458  52.292   37    0 16
ok 145.958  56.375   37    0 16
ok 145.792  56.708   37    0 16
ok 145.208  52.958   37    0 16
ok 145.042  52.792   37    0 16
ok 151.708  57.208   36    0 16
ok 148.125  56.458   36    0 16
ok 147.208  56.625   36    0 16
ok 147.125  56.625   36    0 16
ok 146.375  44.292   36  195 16
ok 146.292  52.208   36    0 16
ok 146.292  43.875   36    0 16
ok 146.208  52.208   36    0 16
ok 146.208  43.875   36    0 16
ok 146.125  43.875   36    0 16
ok 146.042  56.375   36    0 16
ok 145.875  56.792   36    0 16
ok 145.292  52.958   36    0 16
ok 145.125  56.292   36    0 16
ok 145.042  52.958   36    0 16
ok 145.042  46.958   36    0 16
ok 151.375  57.292   35    0 16
ok 151.292  57.208   35    0 16
ok 149.458  56.625   35    0 16
ok 149.375  56.625   35    0 16
ok 149.125  56.625   35    0 16
ok 149.042  56.708   35    0 16
ok 149.042  56.625   35    0 16
ok 148.958  56.625   35    0 16
ok 148.208  56.375   35    0 16
ok 148.125  56.375   35    0 16
ok 148.125  56.292   35    0 16
ok 148.042  56.375   35    0 16
ok 147.042  56.625   35    0 16
ok 146.708  52.208   35    0 16
ok 146.625  52.292   35    0 16
ok 146.625  52.208   35    0 16
ok 146.375  52.208   35    0 16
ok 146.208  56.375   35    0 16
ok 146.125  56.458   35    0 16
ok 146.125  56.375   35    0 16
ok 146.125  52.958   35    0 16
ok 146.125  52.208   35    0 16
ok 145.875  56.625   35    0 16
ok 145.542  53.458   35    0 16
ok 145.542  53.375   35    0 16
ok 145.208  52.708   35    0 16
ok 145.208  52.542   35    0 16
ok 145.125  52.458   35    0 16
ok 156.792  61.542   34  195 16
ok 152.458  57.375   34    0 16
ok 152.208  57.375   34    0 16
ok 151.625  57.208   34    0 16
ok 151.042  57.125   34    0 16
ok 150.958  57.125   34    0 16
ok 149.292  56.625   34    0 16
ok 148.375  56.458   34    0 16
ok 148.292  56.542   34    0 16
ok 148.292  56.458   34    0 16
ok 148.292  56.375   34    0 16
ok 148.208  56.458   34    0 16
ok 146.542  52.208   34    0 16
ok 146.542  52.125   34    0 16
ok 146.458  52.208   34    0 16
ok 146.458  52.125   34    0 16
ok 145.958  56.875   34    0 16
ok 145.458  53.042   34    0 16
ok 145.125  52.708   34    0 16
ok 145.125  52.542   34    0 16
ok 145.042  52.458   34    0 16
ok 154.375  55.625   33    0 16
ok 151.458  57.292   33    0 16
ok 151.292  57.042   33    0 16
ok 151.208  57.125   33    0 16
ok 151.208  57.042   33    0 16
ok 151.125  57.042   33    0 16
ok 151.125  56.958   33    0 16
ok 151.042  57.042   33    0 16
ok 150.125  57.042   33    0 16
ok 149.542  56.542   33    0 16
ok 149.208  56.625   33    0 16
ok 149.042  56.542   33    0 16
ok 148.125  45.708   33    0 16
ok 147.792  56.458   33    0 16
ok 147.625  56.542   33    0 16
ok 146.375  52.125   33    0 16
ok 146.292  52.125   33    0 16
ok 146.208  52.125   33    0 16
ok 146.125  52.125   33    0 16
ok 146.125  52.042   33    0 16
ok 146.042  52.208   33    0 16
ok 146.042  52.125   33    0 16
ok 145.958  52.208   33    0 16
ok 145.958  52.125   33    0 16
ok 145.375  53.042   33    0 16
ok 145.208  52.292   33    0 16
ok 145.125  52.625   33    0 16
ok 145.125  52.375   33    0 16
ok 145.042  56.292   33    0 16
ok 145.042  52.625   33    0 16
ok 151.292  57.125   32    0 16
ok 150.958  57.042   32    0 16
ok 150.875  57.042   32    0 16
ok 150.792  57.042   32    0 16
ok 150.708  57.042   32    0 16
ok 149.958  56.542   32    0 16
ok 149.458  56.542   32    0 16
ok 149.125  56.542   32    0 16
ok 147.708  56.458   32    0 16
ok 146.958  56.792   32    0 16
ok 146.542  52.042   32    0 16
ok 146.542  51.958   32    0 16
ok 146.458  56.458   32    0 16
ok 146.458  56.375   32    0 16
ok 146.458  52.042   32    0 16
ok 146.458  51.958   32    0 16
ok 146.375  56.375   32    0 16
ok 146.375  56.292   32    0 16
ok 146.375  52.042   32    0 16
ok 146.375  51.958   32    0 16
ok 146.375  51.875   32    0 16
ok 146.292  56.375   32    0 16
ok 146.292  56.292   32    0 16
ok 146.292  52.042   32    0 16
ok 146.292  51.958   32    0 16
ok 146.208  56.292   32    0 16
ok 146.208  52.042   32    0 16
ok 146.042  52.958   32    0 16
ok 146.042  52.042   32    0 16
ok 145.958  52.042   32    0 16
ok 145.875  56.708   32    0 16
ok 145.875  52.125   32    0 16
ok 145.875  52.042   32    0 16
ok 145.042  53.292   32    0 16
ok 145.042  52.542   32    0 16
ok 145.042  52.375   32    0 16
ok 156.708  61.542   31  195 16
ok 152.375  57.375   31    0 16
ok 152.208  57.458   31    0 16
ok 151.375  57.208   31    0 16
ok 150.125  56.542   31    0 16
ok 150.042  56.542   31    0 16
ok 149.875  56.458   31    0 16
ok 149.792  56.458   31    0 16
ok 149.208  56.542   31    0 16
ok 148.875  56.625   31    0 16
ok 147.625  56.458   31    0 16
ok 146.875  56.792   31    0 16
ok 146.792  56.792   31    0 16
ok 146.625  56.292   31    0 16
ok 146.542  56.375   31    0 16
ok 146.542  56.292   31    0 16
ok 146.458  56.292   31    0 16
ok 146.458  56.208   31    0 16
ok 146.375  56.208   31    0 16
ok 145.292  52.292   31    0 16
ok 145.042  52.708   31    0 16
ok 154.625  56.208   30    0 16
ok 151.542  57.208   30    0 16
ok 150.042  56.458   30    0 16
ok 149.958  56.458   30    0 16
ok 149.708  56.458   30    0 16
ok 149.625  56.542   30    0 16
ok 149.625  56.458   30    0 16
ok 149.375  56.542   30    0 16
ok 149.292  56.542   30    0 16
ok 148.458  56.375   30    0 16
ok 148.458  56.292   30    0 16
ok 148.375  56.375   30    0 16
ok 147.958  56.375   30    0 16
ok 146.792  56.208   30    0 16
ok 146.708  56.292   30    0 16
ok 146.708  56.208   30    0 16
ok 146.625  56.208   30    0 16
ok 146.625  56.125   30    0 16
ok 146.542  56.208   30    0 16
ok 146.542  56.125   30    0 16
ok 145.292  53.375   30    0 16
ok 145.208  52.375   30    0 16
ok 145.125  56.042   30    0 16
ok 145.042  55.958   30    0 16
ok 152.292  57.375   29    0 16
ok 150.208  56.458   29    0 16
ok 150.125  56.458   29    0 16
ok 150.125  56.375   29    0 16
ok 150.042  56.375   29    0 16
ok 149.958  56.375   29    0 16
ok 149.875  56.542   29    0 16
ok 149.875  56.375   29    0 16
ok 149.542  56.458   29    0 16
ok 149.208  56.458   29    0 16
ok 147.875  56.375   29    0 16
ok 147.542  56.542   29    0 16
ok 147.375  56.458   29    0 16
ok 146.042  52.875   29    0 16
ok 145.292  53.458   29    0 16
ok 145.292  53.042   29    0 16
ok 145.125  53.292   29    0 16
ok 145.042  53.375   29    0 16
ok 149.792  56.375   28    0 16
ok 149.708  56.375   28    0 16
ok 149.542  56.625   28    0 16
ok 149.458  56.458   28    0 16
ok 149.375  56.458   28    0 16
ok 149.292  56.458   28    0 16
ok 147.792  56.375   28    0 16
ok 147.625  56.375   28    0 16
ok 147.542  56.375   28    0 16
ok 147.458  56.375   28    0 16
ok 147.208  56.542   28    0 16
ok 145.792  56.458   28    0 16
ok 145.708  56.542   28    0 16
ok 145.708  56.458   28    0 16
ok 145.625  56.458   28    0 16
ok 145.458  55.875   28    0 16
ok 145.375  55.875   28    0 16
ok 145.292  52.375   28    0 16
ok 145.208  56.208   28    0 16
ok 154.625  55.042   27    0 16
ok 150.958  59.542   27  195 16
ok 149.625  56.375   27    0 16
ok 149.458  56.375   27    0 16
ok 149.375  56.375   27    0 16
ok 147.125  56.708   27    0 16
ok 147.042  56.708   27    0 16
ok 145.958  56.792   27    0 16
ok 145.208  53.625   27    0 16
ok 145.125  53.708   27    0 16
ok 145.125  53.625   27    0 16
ok 145.042  55.875   27    0 16
ok 145.042  53.708   27    0 16
ok 145.042  53.625   27    0 16
ok 145.042  53.542   27    0 16
ok 154.375  55.958   26    0 16
ok 150.875  59.542   26  195 16
ok 150.792  59.542   26  195 16
ok 149.625  56.292   26    0 16
ok 149.542  56.375   26    0 16
ok 149.542  56.292   26    0 16
ok 149.458  56.292   26    0 16
ok 149.375  56.292   26    0 16
ok 149.292  56.375   26    0 16
ok 149.292  56.292   26    0 16
ok 149.208  56.292   26    0 16
ok 148.958  56.542   26    0 16
ok 147.708  56.375   26    0 16
ok 147.292  56.542   26    0 16
ok 145.792  43.458   26    0 16
ok 145.792  43.375   26  195 16
ok 145.125  55.958   26    0 16
ok 145.125  52.292   26    0 16
ok 153.458  57.875   25    0 16
ok 151.292  59.542   25  195 16
ok 148.875  56.542   25    0 16
ok 147.792  56.292   25    0 16
ok 147.708  56.292   25    0 16
ok 147.625  56.292   25    0 16
ok 147.458  56.458   25    0 16
ok 145.792  56.542   25    0 16
ok 145.208  52.458   25    0 16
ok 145.042  44.625   25    0 16
ok 154.375  55.542   24    0 16
ok 149.708  56.542   24    0 16
ok 147.958  56.208   24    0 16
ok 147.875  56.208   24    0 16
ok 147.792  56.208   24    0 16
ok 147.792  56.125   24    0 16
ok 147.708  56.208   24    0 16
ok 147.708  56.125   24    0 16
ok 147.625  56.208   24    0 16
ok 147.625  56.125   24    0 16
ok 147.542  56.458   24    0 16
ok 147.542  56.208   24    0 16
ok 147.458  56.208   24    0 16
ok 146.958  56.708   24    0 16
ok 146.542  44.875   24    0 16
ok 146.542  44.792   24    0 16
ok 145.125  56.208   24    0 16
ok 149.792  56.542   23    0 16
ok 149.125  56.458   23    0 16
ok 148.875  56.458   23    0 16
ok 148.375  56.542   23    0 16
ok 145.958  56.708   23    0 16
ok 145.208  56.042   23    0 16
ok 145.208  53.375   23    0 16
ok 148.792  56.542   22    0 16
ok 145.625  53.708   22    0 16
ok 145.542  53.792   22    0 16
ok 145.542  53.708   22    0 16
ok 145.458  53.708   22    0 16
ok 145.458  53.625   22    0 16
ok 145.458  42.708   22    0 16
ok 145.375  53.708   22    0 16
ok 145.375  53.625   22    0 16
ok 145.375  42.708   22    0 16
ok 154.542  56.292   21    0 16
ok 154.375  55.375   21    0 16
ok 154.292  55.958   21    0 16
ok 154.292  55.375   21    0 16
ok 153.375  57.875   21    0 16
ok 151.458  57.208   21    0 16
ok 151.458  57.125   21    0 16
ok 151.375  57.125   21    0 16
ok 149.625  56.625   21    0 16
ok 149.208  56.375   21    0 16
ok 147.375  56.542   21    0 16
ok 146.792  56.708   21    0 16
ok 146.708  56.708   21    0 16
ok 145.958  56.625   21    0 16
ok 145.958  44.375   21  195 16
ok 145.875  56.542   21    0 16
ok 145.875  44.375   21    0 16
ok 145.208  53.042   21    0 16
ok 145.125  56.125   21    0 16
ok 145.042  53.042   21    0 16
ok 154.375  55.458   20    0 16
ok 154.292  55.458   20    0 16
ok 151.375  59.542   20  195 16
ok 149.958  56.958   20    0 16
ok 149.875  56.958   20    0 16
ok 146.875  56.708   20    0 16
ok 145.208  53.458   20    0 16
ok 145.125  53.042   20    0 16
ok 153.208  57.708   19    0 16
ok 151.792  59.125   19  195 16
ok 150.042  56.958   19    0 16
ok 149.792  46.458   19    0 16
ok 149.792  46.375   19    0 16
ok 149.708  46.375   19    0 16
ok 149.625  46.375   19    0 16
ok 149.625  46.292   19    0 16
ok 148.875  45.208   19    0 16
ok 148.875  45.125   19    0 16
ok 148.792  45.292   19  195 16
ok 148.792  45.208   19    0 16
ok 148.542  56.625   19    0 16
ok 148.458  56.542   19    0 16
ok 145.292  56.792   19    0 16
ok 154.875  54.625   18    0 16
ok 154.792  54.708   18    0 16
ok 154.792  54.625   18    0 16
ok 154.708  54.792   18    0 16
ok 154.708  54.708   18    0 16
ok 154.625  54.708   18    0 16
ok 149.042  56.458   18    0 16
ok 148.958  56.458   18    0 16
ok 147.458  56.542   18    0 16
ok 146.625  56.708   18    0 16
ok 145.958  52.958   18    0 16
ok 145.292  52.458   18    0 16
ok 145.125  53.375   18    0 16
ok 145.042  53.208   18    0 16
ok 145.042  47.292   18    0 16
ok 154.625  55.625   17    0 16
ok 154.542  55.708   17    0 16
ok 154.542  55.625   17    0 16
ok 154.542  55.458   17    0 16
ok 154.458  55.792   17    0 16
ok 154.458  55.708   17    0 16
ok 154.458  55.625   17    0 16
ok 154.458  55.542   17    0 16
ok 154.458  55.458   17    0 16
ok 154.375  55.708   17    0 16
ok 154.292  55.708   17    0 16
ok 153.458  57.792   17    0 16
ok 150.125  56.958   17    0 16
ok 149.958  56.625   17    0 16
ok 149.125  56.375   17    0 16
ok 148.458  56.458   17    0 16
ok 146.958  56.625   17    0 16
ok 146.875  56.625   17    0 16
ok 146.792  56.625   17    0 16
ok 146.625  56.458   17    0 16
ok 146.542  44.292   17    0 16
ok 146.542  44.208   17    0 16
ok 145.542  52.375   17    0 16
ok 145.542  52.292   17    0 16
ok 145.458  52.375   17    0 16
ok 145.458  52.292   17    0 16
ok 145.375  52.292   17    0 16
ok 145.375  52.208   17    0 16
ok 145.042  52.292   17    0 16
ok 145.042  51.875   17    0 16
ok 154.542  56.208   16    0 16
ok 154.375  49.792   16  195 16
ok 154.375  49.708   16  195 16
ok 154.292  49.792   16    0 16
ok 154.208  49.875   16    0 16
ok 154.208  49.792   16    0 16
ok 154.208  49.708   16    0 16
ok 154.125  49.792   16    0 16
ok 154.125  49.708   16    0 16
ok 154.042  49.792   16    0 16
ok 148.625  56.625   16    0 16
ok 146.792  56.542   16    0 16
ok 146.708  56.625   16    0 16
ok 146.708  56.542   16    0 16
ok 146.625  56.542   16    0 16
ok 146.625  52.958   16    0 16
ok 146.625  52.792   16    0 16
ok 146.542  52.958   16    0 16
ok 146.542  52.875   16    0 16
ok 146.542  52.792   16    0 16
ok 146.458  52.958   16    0 16
ok 146.458  52.875   16    0 16
ok 146.458  52.792   16    0 16
ok 146.458  52.708   16    0 16
ok 146.375  52.875   16    0 16
ok 146.375  52.792   16    0 16
ok 146.375  52.708   16    0 16
ok 146.292  52.792   16    0 16
ok 146.292  52.708   16    0 16
ok 146.208  52.792   16    0 16
ok 146.042  56.792   16    0 16
ok 145.292  50.208   16    0 16
ok 145.208  50.208   16    0 16
ok 145.208  50.125   16    0 16
ok 145.125  52.208   16    0 16
ok 145.125  50.292   16    0 16
ok 145.125  50.208   16    0 16
ok 154.708  55.208   15    0 16
ok 154.708  55.125   15    0 16
ok 154.625  55.208   15    0 16
ok 154.625  55.125   15    0 16
ok 154.542  55.292   15    0 16
ok 154.542  55.208   15    0 16
ok 154.542  55.125   15    0 16
ok 154.542  55.042   15    0 16
ok 154.458  56.292   15    0 16
ok 154.458  55.375   15    0 16
ok 154.458  55.292   15    0 16
ok 154.458  55.208   15    0 16
ok 154.458  55.125   15    0 16
ok 154.458  55.042   15    0 16
ok 154.375  55.292   15    0 16
ok 154.375  55.208   15    0 16
ok 154.375  55.125   15    0 16
ok 154.292  55.625   15    0 16
ok 147.125  56.542   15    0 16
ok 147.042  56.542   15    0 16
ok 146.958  56.542   15    0 16
ok 146.958  56.458   15    0 16
ok 146.875  56.542   15    0 16
ok 146.875  56.458   15    0 16
ok 146.792  56.458   15    0 16
ok 146.542  53.292   15    0 16
ok 146.542  53.208   15    0 16
ok 145.875  43.542   15    0 16
ok 145.875  43.458   15  195 16
ok 145.042  51.958   15    0 16
ok 145.375  42.625  100    0 15
ok 145.292  42.625  100    0 15
ok 145.208  42.625   98    0 15
ok 145.125  42.625   90    0 15
ok 145.042  42.625   86    0 15
ok 145.125  42.542   82    0 15
ok 145.208  56.792   71    0 15
ok 145.125  56.792   68    0 15
ok 146.458  53.375   63    0 15
ok 146.458  53.292   63    0 15
ok 146.375  53.375   63    0 15
ok 146.375  53.292   63    0 15
ok 146.292  53.458   63    0 15
ok 146.292  53.375   63    0 15
ok 145.958  53.542   61    0 15
ok 145.958  53.458   61    0 15
ok 145.875  53.542   61    0 15
ok 145.875  53.458   61    0 15
ok 145.792  53.625   61    0 15
ok 145.792  53.542   61    0 15
ok 145.792  53.458   61    0 15
ok 145.792  53.375   61    0 15
ok 145.708  53.542   61    0 15
ok 145.708  53.458   61    0 15
ok 145.625  53.542   61    0 15
ok 145.625  53.458   61    0 15
ok 145.042  56.542   61    0 15
ok 145.042  56.792   60    0 15
ok 145.542  53.125   59    0 15
ok 145.458  53.208   59    0 15
ok 145.458  53.125   59    0 15
ok 145.375  53.208   59    0 15
ok 145.375  53.125   59    0 15
ok 145.958  52.875   58    0 15
ok 145.875  52.875   58    0 15
ok 145.875  52.792   58    0 15
ok 145.792  52.875   58    0 15
ok 145.792  52.792   58    0 15
ok 145.708  52.875   58    0 15
ok 145.708  52.792   58    0 15
ok 145.625  52.875   58    0 15
ok 145.542  52.875   58    0 15
ok 145.042  56.708   57    0 15
ok 146.292  53.292   56    0 15
ok 146.708  44.125   53    0 15
ok 146.708  44.042   53    0 15
ok 146.625  44.208   53    0 15
ok 146.625  44.125   53    0 15
ok 145.042  56.458   52    0 15
ok 145.042  56.375   52    0 15
ok 146.292  53.208   51    0 15
ok 145.208  56.625   51    0 15
ok 145.125  56.708   51    0 15
ok 145.125  56.625   51    0 15
ok 145.042  56.625   51    0 15
ok 145.708  52.708   50    0 15
ok 145.625  52.792   50    0 15
ok 145.625  52.708   50    0 15
ok 145.542  52.792   50    0 15
ok 145.542  52.708   50    0 15
ok 145.458  52.792   50    0 15
ok 145.458  52.708   50    0 15
ok 145.375  52.708   50    0 15
ok 145.292  52.708   50    0 15
ok 145.542  53.208   44    0 15
ok 145.125  44.875   44    0 15
ok 145.125  44.792   44    0 15
ok 145.042  44.792   44    0 15
ok 146.208  53.292   41    0 15
ok 145.042  44.708   40    0 15
ok 146.208  53.375   39    0 15
ok 145.208  44.792   39    0 15
ok 146.375  43.958   38    0 15
ok 146.292  43.958   38    0 15
ok 145.125  44.708   38    0 15
ok 145.208  44.542   36    0 15
ok 145.125  44.542   36    0 15
ok 145.042  44.542   36    0 15
ok 146.875  44.292   35    0 15
ok 146.792  44.292   35    0 15
ok 146.792  44.208   35    0 15
ok 146.708  44.292   35    0 15
ok 146.708  44.208   35    0 15
ok 146.625  44.292   35    0 15
ok 146.875  44.458   34  195 15
ok 146.792  44.542   34    0 15
ok 146.792  44.458   34    0 15
ok 146.792  44.375   34    0 15
ok 146.708  44.542   34    0 15
ok 146.708  44.458   34    0 15
ok 146.708  44.375   34    0 15
ok 146.625  44.458   34  195 15
ok 145.292  44.625   34    0 15
ok 145.208  44.708   34    0 15
ok 145.208  44.625   34    0 15
ok 145.125  44.625   34    0 15
ok 146.125  53.292   32    0 15
ok 145.375  44.708   32    0 15
ok 145.292  44.708   32    0 15
ok 145.458  53.292   30    0 15
ok 146.125  53.375   28    0 15
ok 146.125  44.875   28    0 15
ok 146.125  44.792   28    0 15
ok 146.042  44.792   28    0 15
ok 146.042  44.708   28    0 15
ok 145.542  44.875   28    0 15
ok 145.542  44.792   28    0 15
ok 145.458  44.792   28    0 15
ok 145.375  44.792   28    0 15
ok 145.875  52.958   26    0 15
ok 145.708  52.958   26    0 15
ok 145.792  52.958   25    0 15
ok 145.542  53.292   23    0 15
ok 145.542  52.625   21    0 15
ok 145.458  52.625   21    0 15
ok 146.292  53.125   17    0 15
ok 146.125  53.042   17    0 15
ok 146.458  53.042   16    0 15
ok 146.375  53.125   16    0 15
ok 146.375  53.042   16    0 15
ok 146.375  52.958   16    0 15
ok 146.292  53.042   16    0 15
ok 146.292  52.958   16    0 15
ok 146.292  52.875   16    0 15
ok 146.208  53.042   16    0 15
ok 146.208  52.958   16    0 15
ok 145.042  50.625   16    0 15
ok 155.458  50.125   95  195 14
ok 155.375  50.042   95  195 14
ok 155.292  50.208   95  195 14
ok 155.292  50.125   95  195 14
ok 155.208  50.208   95  195 14
ok 155.708  49.875   86    0 14
ok 156.125  49.625   85    0 14
ok 156.125  49.458   85    0 14
ok 156.042  49.625   85    0 14
ok 156.042  49.542   85    0 14
ok 156.042  49.458   85    0 14
ok 155.958  49.625   85    0 14
ok 155.958  49.542   85    0 14
ok 155.625  49.875   85    0 14
ok 156.625  49.542   84    0 14
ok 156.542  49.625   84    0 14
ok 156.542  49.542   84    0 14
ok 156.458  49.708   84    0 14
ok 156.458  49.625   84    0 14
ok 156.125  49.542   84    0 14
ok 155.792  49.625   84    0 14
ok 155.708  49.792   84    0 14
ok 155.708  49.708   84    0 14
ok 155.708  49.625   84    0 14
ok 155.708  49.542   84    0 14
ok 155.625  49.792   84    0 14
ok 155.625  49.708   84    0 14
ok 155.625  49.625   84    0 14
ok 155.625  49.542   84    0 14
ok 155.542  49.792   84    0 14
ok 155.542  49.542   84    0 14
ok 155.458  49.792   84    0 14
ok 156.458  49.542   83    0 14
ok 156.375  49.625   83    0 14
ok 156.375  49.542   83    0 14
ok 156.292  49.625   83    0 14
ok 156.208  49.542   83    0 14
ok 155.792  49.708   83    0 14
ok 155.542  49.625   83    0 14
ok 155.375  49.708   83    0 14
ok 155.292  49.708   83    0 14
ok 155.208  49.708   83    0 14
ok 155.208  49.625   83    0 14
ok 155.125  49.708   83    0 14
ok 154.875  49.958   83    0 14
ok 154.625  50.208   83    0 14
ok 154.542  50.208   83    0 14
ok 156.375  49.458   82    0 14
ok 156.292  49.542   82    0 14
ok 156.292  49.458   82    0 14
ok 156.208  49.458   82    0 14
ok 155.875  49.708   82    0 14
ok 155.875  49.625   82    0 14
ok 155.792  49.792   82    0 14
ok 155.542  49.708   82    0 14
ok 155.458  49.708   82    0 14
ok 155.458  49.625   82    0 14
ok 155.292  49.625   82    0 14
ok 155.208  49.792   82    0 14
ok 155.042  50.125   82    0 14
ok 154.958  50.042   82    0 14
ok 154.875  50.042   82    0 14
ok 154.792  49.958   82    0 14
ok 154.708  50.125   82    0 14
ok 154.625  50.125   82    0 14
ok 154.542  50.125   82    0 14
ok 156.042  49.708   81    0 14
ok 155.958  49.708   81    0 14
ok 155.458  49.542   81    0 14
ok 155.375  49.625   81    0 14
ok 155.375  49.542   81    0 14
ok 155.292  49.542   81    0 14
ok 155.125  50.625   81    0 14
ok 155.042  50.708   81    0 14
ok 155.042  50.625   81    0 14
ok 155.042  50.542   81    0 14
ok 155.042  50.042   81    0 14
ok 154.958  50.708   81    0 14
ok 154.958  50.625   81    0 14
ok 154.875  50.708   81    0 14
ok 154.792  50.125   81    0 14
ok 154.708  49.958   81    0 14
ok 154.458  50.125   81    0 14
ok 155.875  49.792   80    0 14
ok 154.792  50.042   80    0 14
ok 154.708  50.208   80    0 14
ok 154.708  50.042   80    0 14
ok 154.458  50.208   80    0 14
ok 155.958  49.792   79    0 14
ok 154.792  51.625   79    0 14
ok 154.708  51.708   79    0 14
ok 154.708  51.625   79    0 14
ok 154.625  51.792   79    0 14
ok 154.625  51.708   79    0 14
ok 154.625  51.625   79    0 14
ok 154.625  50.042   79    0 14
ok 154.542  51.708   79    0 14
ok 154.542  51.625   79    0 14
ok 154.458  51.708   79    0 14
ok 154.458  51.625   79    0 14
ok 154.375  50.208   79    0 14
ok 154.292  50.208   78    0 14
ok 154.208  50.292   78    0 14
ok 154.208  50.208   78    0 14
ok 154.125  50.375   78    0 14
ok 154.125  50.292   78    0 14
ok 154.625  49.958   77    0 14
ok 154.542  50.958   77    0 14
ok 154.542  50.875   77    0 14
ok 154.542  50.042   77    0 14
ok 154.542  49.958   77    0 14
ok 154.458  51.042   77    0 14
ok 154.458  50.958   77    0 14
ok 154.458  50.875   77    0 14
ok 154.458  50.042   77    0 14
ok 154.458  49.958   77    0 14
ok 154.375  50.958   77    0 14
ok 154.375  50.875   77    0 14
ok 154.375  50.792   77    0 14
ok 154.375  50.042   77    0 14
ok 154.292  50.958   77    0 14
ok 154.292  50.875   77    0 14
ok 154.208  50.958   77    0 14
ok 156.125  49.875   76    0 14
ok 156.042  49.875   76    0 14
ok 155.958  49.875   76    0 14
ok 155.125  50.708   76    0 14
ok 154.708  50.292   76    0 14
ok 154.625  50.292   76    0 14
ok 154.292  50.292   76    0 14
ok 154.208  50.708   76    0 14
ok 154.208  50.375   76    0 14
ok 154.125  50.708   76    0 14
ok 154.042  50.792   76    0 14
ok 154.042  50.708   76    0 14
ok 154.042  50.625   76    0 14
ok 153.958  50.792   76    0 14
ok 153.958  50.708   76    0 14
ok 153.958  50.625   76    0 14
ok 153.875  50.792   76    0 14
ok 153.875  50.708   76    0 14
ok 153.542  49.792   76    0 14
ok 153.458  49.875   76    0 14
ok 153.458  49.792   76    0 14
ok 153.458  49.708   76    0 14
ok 153.375  49.875   76    0 14
ok 153.375  49.792   76    0 14
ok 153.375  49.708   76    0 14
ok 153.292  49.792   76    0 14
ok 153.292  49.708   76    0 14
ok 153.208  49.792   76    0 14
ok 154.958  50.375   75    0 14
ok 154.875  50.458   75    0 14
ok 154.875  50.375   75    0 14
ok 154.792  50.542   75    0 14
ok 154.792  50.458   75    0 14
ok 154.792  50.375   75    0 14
ok 154.708  50.458   75    0 14
ok 154.708  50.375   75    0 14
ok 154.542  50.292   75    0 14
ok 154.375  50.292   75    0 14
ok 154.292  50.375   75    0 14
ok 153.792  51.042   75    0 14
ok 153.708  51.125   75    0 14
ok 153.708  51.042   75    0 14
ok 153.625  51.208   75    0 14
ok 153.625  51.125   75    0 14
ok 153.625  51.042   75    0 14
ok 153.542  51.125   75    0 14
ok 153.542  51.042   75    0 14
ok 153.542  50.958   75    0 14
ok 153.458  51.125   75    0 14
ok 153.458  51.042   75    0 14
ok 152.792  49.875   75    0 14
ok 152.792  49.792   75    0 14
ok 152.708  49.958   75    0 14
ok 152.708  49.875   75    0 14
ok 152.708  49.792   75    0 14
ok 152.625  49.875   75    0 14
ok 152.625  49.792   75    0 14
ok 152.542  49.875   75    0 14
ok 155.042  50.792   74    0 14
ok 154.625  50.458   74    0 14
ok 154.458  50.292   74    0 14
ok 151.875  49.958   74    0 14
ok 151.875  49.875   74    0 14
ok 151.792  50.042   74    0 14
ok 151.792  49.958   74    0 14
ok 151.792  49.875   74    0 14
ok 151.708  49.958   74    0 14
ok 151.708  49.875   74    0 14
ok 151.708  49.792   74    0 14
ok 151.625  49.958   74    0 14
ok 151.625  49.875   74    0 14
ok 155.125  50.792   73    0 14
ok 154.625  50.375   73    0 14
ok 154.542  50.375   73    0 14
ok 154.458  50.458   73    0 14
ok 154.458  50.375   73    0 14
ok 154.375  50.458   73    0 14
ok 154.375  50.375   73    0 14
ok 154.292  50.458   73    0 14
ok 153.542  51.958   73    0 14
ok 153.542  51.875   73    0 14
ok 153.458  52.042   73    0 14
ok 153.458  51.958   73    0 14
ok 153.458  51.875   73    0 14
ok 153.375  52.042   73    0 14
ok 153.375  51.958   73    0 14
ok 153.375  51.875   73    0 14
ok 153.292  51.958   73    0 14
ok 153.292  51.875   73    0 14
ok 153.208  51.958   73    0 14
ok 152.792  50.042   73    0 14
ok 152.708  50.292   73    0 14
ok 152.708  50.125   73    0 14
ok 152.708  50.042   73    0 14
ok 152.625  50.375   73    0 14
ok 152.625  50.292   73    0 14
ok 152.625  50.208   73    0 14
ok 152.625  50.125   73    0 14
ok 152.625  50.042   73    0 14
ok 152.625  49.958   73    0 14
ok 152.542  50.375   73    0 14
ok 152.542  50.292   73    0 14
ok 152.542  50.208   73    0 14
ok 152.542  50.125   73    0 14
ok 152.542  50.042   73    0 14
ok 152.458  50.375   73    0 14
ok 152.458  50.292   73    0 14
ok 152.458  50.125   73    0 14
ok 152.458  50.042   73    0 14
ok 152.375  50.292   73    0 14
ok 155.125  50.958   72    0 14
ok 155.125  50.875   72    0 14
ok 155.042  50.875   72    0 14
ok 154.958  50.875   72    0 14
ok 155.458  50.875   71  195 14
ok 155.375  50.875   71    0 14
ok 155.292  50.875   71    0 14
ok 155.292  50.792   71    0 14
ok 155.208  50.875   71    0 14
ok 155.208  50.792   71    0 14
ok 151.125  49.875   71    0 14
ok 151.042  50.125   71    0 14
ok 151.042  49.958   71    0 14
ok 151.042  49.875   71    0 14
ok 150.958  50.208   71    0 14
ok 150.958  50.125   71    0 14
ok 150.958  50.042   71    0 14
ok 150.958  49.958   71    0 14
ok 150.958  49.875   71    0 14
ok 150.958  49.792   71    0 14
ok 150.875  50.208   71    0 14
ok 150.875  50.125   71    0 14
ok 150.875  50.042   71    0 14
ok 150.875  49.958   71    0 14
ok 150.875  49.875   71    0 14
ok 150.875  49.792   71    0 14
ok 150.792  50.208   71    0 14
ok 150.792  50.125   71    0 14
ok 150.792  50.042   71    0 14
ok 150.792  49.958   71    0 14
ok 150.792  49.875   71    0 14
ok 150.708  50.125   71    0 14
ok 148.208  51.208   71    0 14
ok 148.125  51.292   71    0 14
ok 148.125  51.208   71    0 14
ok 148.125  51.125   71    0 14
ok 148.042  51.292   71    0 14
ok 148.042  51.208   71    0 14
ok 148.042  51.125   71    0 14
ok 147.958  51.208   71    0 14
ok 147.958  51.125   71    0 14
ok 147.875  51.208   71    0 14
ok 150.542  51.042   69    0 14
ok 150.458  51.042   69    0 14
ok 150.458  50.958   69    0 14
ok 150.375  51.125   69    0 14
ok 150.375  51.042   69    0 14
ok 150.375  50.958   69    0 14
ok 150.375  50.875   69    0 14
ok 150.375  50.458   69    0 14
ok 150.292  51.042   69    0 14
ok 150.292  50.958   69    0 14
ok 150.292  50.542   69    0 14
ok 150.292  50.458   69    0 14
ok 150.208  51.042   69    0 14
ok 150.208  50.625   69    0 14
ok 150.208  50.542   69    0 14
ok 150.208  50.458   69    0 14
ok 150.208  50.375   69    0 14
ok 150.125  50.542   69    0 14
ok 150.125  50.458   69    0 14
ok 150.125  50.375   69    0 14
ok 150.042  50.542   69    0 14
ok 150.042  50.458   69    0 14
ok 145.958  53.042   69    0 14
ok 145.875  53.125   69    0 14
ok 145.875  53.042   69    0 14
ok 145.792  53.292   69    0 14
ok 145.792  53.208   69    0 14
ok 145.792  53.125   69    0 14
ok 145.792  53.042   69    0 14
ok 145.708  53.292   69    0 14
ok 145.708  53.208   69    0 14
ok 145.708  53.125   69    0 14
ok 145.625  53.208   69    0 14
ok 145.625  53.125   69    0 14
ok 148.375  50.625   68    0 14
ok 148.375  50.542   68    0 14
ok 148.292  50.708   68    0 14
ok 148.292  50.625   68    0 14
ok 148.292  50.542   68    0 14
ok 148.292  50.458   68    0 14
ok 148.208  50.625   68    0 14
ok 148.208  50.542   68    0 14
ok 148.208  50.458   68    0 14
ok 148.125  50.625   68    0 14
ok 148.125  50.542   68    0 14
ok 146.042  53.042   68    0 14
ok 145.958  53.208   68    0 14
ok 145.958  53.125   68    0 14
ok 145.875  53.208   68    0 14
ok 147.625  51.125   67    0 14
ok 147.542  51.208   67    0 14
ok 147.542  51.125   67    0 14
ok 147.458  51.208   67    0 14
ok 147.458  51.125   67    0 14
ok 147.458  51.042   67    0 14
ok 147.375  51.208   67    0 14
ok 147.375  51.125   67    0 14
ok 147.375  51.042   67    0 14
ok 147.292  51.125   67    0 14
ok 146.042  53.125   67    0 14
ok 146.208  53.208   66    0 14
ok 146.208  53.125   66    0 14
ok 146.125  53.208   66    0 14
ok 146.125  53.125   66    0 14
ok 146.042  53.292   66    0 14
ok 146.042  53.208   66    0 14
ok 155.958  51.542   62    0 14
ok 155.875  51.542   62    0 14
ok 155.875  51.625   56    0 14
ok 155.792  51.625   55    0 14
ok 146.125  44.458   51  195 14
ok 146.042  44.458   51  195 14
ok 145.958  44.542   51    0 14
ok 145.958  44.458   51    0 14
ok 145.875  44.542   51    0 14
ok 145.375  42.792   51    0 14
ok 145.292  42.792   51    0 14
ok 145.292  42.708   51    0 14
ok 145.208  42.708   51    0 14
ok 145.125  42.708   51    0 14
ok 146.375  44.875   47    0 14
ok 146.375  44.792   47    0 14
ok 146.292  44.792   47    0 14
ok 146.208  44.792   47    0 14
ok 146.208  44.708   47    0 14
ok 146.458  44.792   46    0 14
ok 146.458  44.708   46    0 14
ok 146.375  44.708   46    0 14
ok 146.375  44.625   46    0 14
ok 146.292  44.708   46    0 14
ok 155.875  51.875   41    0 14
ok 155.792  51.875   38    0 14
ok 155.792  51.708   37    0 14
ok 155.708  51.875   36    0 14
ok 155.708  51.708   33    0 14
ok 155.708  51.958   30    0 14
ok 155.625  51.958   29    0 14
ok 155.792  51.792   26    0 14
ok 155.792  51.542   20    0 14
ok 155.708  51.792   20    0 14
ok 155.708  51.625   20    0 14
ok 155.708  51.542   20    0 14
ok 155.625  52.042   20    0 14
ok 155.625  51.792   20    0 14
ok 155.625  51.708   20    0 14
ok 155.625  51.625   20    0 14
ok 155.625  51.542   20    0 14
ok 155.625  51.458   20    0 14
ok 155.542  52.042   20    0 14
ok 155.542  51.625   20    0 14
ok 155.542  51.542   20    0 14
ok 155.542  51.458   20    0 14
ok 155.458  51.625   20    0 14
ok 155.458  51.542   20    0 14
ok 155.375  53.042   17    0 14
ok 155.375  52.958   17    0 14
ok 153.958  53.125   17    0 14
ok 153.958  53.042   17    0 14
ok 153.875  53.208   17    0 14
ok 153.875  53.125   17    0 14
ok 153.875  53.042   17    0 14
ok 153.792  53.208   17    0 14
ok 153.792  53.125   17    0 14
ok 153.792  53.042   17    0 14
ok 153.792  52.958   17    0 14
ok 153.708  53.125   17    0 14
ok 153.708  53.042   17    0 14
ok 153.625  53.125   17    0 14
ok 153.625  53.042   17    0 14
ok 153.542  53.125   17    0 14
ok 153.542  53.042   17    0 14
ok 153.458  53.125   17    0 14
ok 153.458  53.042   17    0 14
ok 153.458  52.958   17    0 14
ok 153.375  53.125   17    0 14
ok 153.375  53.042   17    0 14
ok 153.375  52.958   17    0 14
ok 153.292  53.042   17    0 14
ok 153.208  53.042   17    0 14
ok 151.542  53.208   17    0 14
ok 151.458  53.292   17    0 14
ok 151.458  53.208   17    0 14
ok 151.458  53.125   17    0 14
ok 151.375  53.292   17    0 14
ok 151.375  53.208   17    0 14
ok 151.375  53.125   17    0 14
ok 151.292  53.292   17    0 14
ok 151.292  53.208   17    0 14
ok 151.292  53.125   17    0 14
ok 151.208  53.208   17    0 14
ok 155.542  52.708   15    0 14
ok 155.542  52.625   15    0 14
ok 155.458  52.792   15    0 14
ok 155.458  52.708   15    0 14
ok 155.375  52.792   15    0 14
ok 151.958  53.625   15    0 14
ok 151.875  53.708   15    0 14
ok 151.875  53.625   15    0 14
ok 151.792  53.708   15    0 14
ok 151.792  53.625   15    0 14
ok 151.708  53.708   15    0 14
ok 151.708  53.625   15    0 14
ok 151.708  53.542   15    0 14
ok 151.625  53.708   15    0 14
ok 151.625  53.625   15    0 14
ok 151.542  53.708   15    0 14
ok 151.542  53.625   15    0 14
ok 155.125  57.375   53    0 13
ok 155.042  57.292   53    0 13
ok 154.625  55.708   50    0 13
ok 154.792  55.708   49    0 13
ok 154.708  55.708   49    0 13
ok 146.042  43.292   49    0 13
ok 145.958  43.375   49  195 13
ok 145.958  43.292   49    0 13
ok 145.958  43.208   49    0 13
ok 145.875  43.375   49  195 13
ok 145.875  43.292   49    0 13
ok 145.875  43.208   49    0 13
ok 145.792  43.292   49    0 13
ok 145.708  43.292   49  195 13
ok 155.042  57.375   48    0 13
ok 154.958  57.292   48    0 13
ok 154.792  55.625   48    0 13
ok 154.708  55.625   48    0 13
ok 154.875  55.625   47    0 13
ok 154.792  55.542   47    0 13
ok 155.792  52.125   46    0 13
ok 155.708  52.125   46    0 13
ok 155.708  52.042   46    0 13
ok 154.625  56.042   46    0 13
ok 154.542  56.042   46    0 13
ok 154.458  56.042   46    0 13
ok 148.792  45.125   46    0 13
ok 148.708  45.125   46    0 13
ok 148.708  45.042   46    0 13
ok 148.625  45.042   46    0 13
ok 146.958  44.708   46    0 13
ok 146.958  44.625   46  195 13
ok 146.875  44.625   46    0 13
ok 146.875  44.542   46  195 13
ok 145.375  44.375   46  195 13
ok 145.292  44.458   46    0 13
ok 145.292  44.375   46  195 13
ok 145.208  44.458   46    0 13
ok 145.125  44.458   46    0 13
ok 155.708  52.208   45    0 13
ok 155.625  52.208   45    0 13
ok 155.625  52.125   45    0 13
ok 155.542  52.208   45    0 13
ok 154.875  57.292   45    0 13
ok 154.792  57.292   44    0 13
ok 146.875  44.708   44    0 13
ok 146.792  44.625   44    0 13
ok 146.875  44.792   43    0 13
ok 146.792  44.708   43    0 13
ok 145.625  43.708   43    0 13
ok 145.542  43.708   43  195 13
ok 154.958  57.708   42    0 13
ok 147.792  45.625   42    0 13
ok 147.708  45.625   42    0 13
ok 146.208  43.792   42    0 13
ok 146.125  43.792   42    0 13
ok 146.042  43.792   42    0 13
ok 146.042  43.708   42    0 13
ok 145.958  43.708   42    0 13
ok 145.875  43.708   42    0 13
ok 145.792  43.708   42    0 13
ok 145.708  43.792   42    0 13
ok 145.625  43.792   42    0 13
ok 154.708  55.375   41    0 13
ok 154.625  55.458   41    0 13
ok 154.625  55.375   41    0 13
ok 154.542  55.375   41    0 13
ok 150.125  46.458   41    0 13
ok 150.042  46.458   41    0 13
ok 146.792  44.792   41    0 13
ok 146.708  44.792   41    0 13
ok 146.708  44.708   41    0 13
ok 146.625  44.792   41    0 13
ok 146.625  44.708   41    0 13
ok 145.792  43.792   41    0 13
ok 155.208  53.958   40    0 13
ok 155.125  54.042   40    0 13
ok 155.125  53.958   40    0 13
ok 154.958  57.375   40    0 13
ok 148.292  45.708   40    0 13
ok 148.292  45.625   40    0 13
ok 154.625  56.125   39    0 13
ok 154.708  55.458   38    0 13
ok 154.708  56.125   37    0 13
ok 154.875  57.375   36    0 13
ok 154.792  57.458   36    0 13
ok 154.792  57.375   36    0 13
ok 154.792  55.458   36    0 13
ok 154.708  57.375   36    0 13
ok 154.708  56.625   36    0 13
ok 155.125  50.208   35    0 13
ok 155.042  50.292   35    0 13
ok 155.042  50.208   35  195 13
ok 154.958  50.292   35    0 13
ok 154.958  50.208   35  195 13
ok 154.958  50.125   35    0 13
ok 154.875  57.708   35    0 13
ok 154.875  50.292   35    0 13
ok 154.875  50.208   35    0 13
ok 154.875  50.125   35    0 13
ok 154.792  55.375   35    0 13
ok 154.792  50.292   35    0 13
ok 154.792  50.208   35    0 13
ok 154.875  55.458   34    0 13
ok 154.792  57.708   33    0 13
ok 154.625  55.792   31    0 13
ok 154.875  55.375   30    0 13
ok 154.625  55.292   29    0 13
ok 154.958  55.375   28    0 13
ok 154.708  55.292   28    0 13
ok 155.375  53.375   25    0 13
ok 154.625  56.625   25    0 13
ok 155.375  53.458   24    0 13
ok 154.625  56.375   24    0 13
ok 154.542  55.792   24    0 13
ok 154.542  56.375   23    0 13
ok 154.792  55.292   22    0 13
ok 154.625  55.958   22    0 13
ok 154.708  56.708   21    0 13
ok 154.708  55.958   21    0 13
ok 154.542  55.958   21    0 13
ok 145.625  42.875   19    0 13
ok 145.542  42.875   19    0 13
ok 145.542  42.792   19    0 13
ok 145.458  42.875   19    0 13
ok 145.458  42.792   19    0 13
ok 145.375  42.875   19    0 13
ok 154.792  56.875   17    0 13
ok 154.792  56.792   17    0 13
ok 154.708  56.875   17    0 13
ok 154.708  56.792   17    0 13
ok 155.292  53.542   16    0 13
ok 155.292  53.375   16    0 13
ok 154.542  56.625   16    0 13
ok 154.792  58.042   15    0 13
ok 154.708  58.042   15    0 13
ok 154.625  58.042   15    0 13
ok 155.042  57.458   56    0 12
ok 154.958  57.542   56    0 12
ok 154.958  57.458   56    0 12
ok 154.875  57.542   56    0 12
ok 154.875  57.458   56    0 12
ok 154.792  57.542   56    0 12
ok 154.708  57.542   56    0 12
ok 154.958  57.625   55    0 12
ok 154.875  57.625   55    0 12
ok 155.042  57.625   54    0 12
ok 155.292  57.875   52    0 12
ok 155.208  58.042   51    0 12
ok 154.875  57.792   51    0 12
ok 154.792  57.792   51    0 12
ok 154.708  57.875   51    0 12
ok 154.708  57.792   51    0 12
ok 154.625  57.875   51    0 12
ok 154.542  57.875   51    0 12
ok 155.208  58.125   50    0 12
ok 154.792  57.875   50    0 12
ok 155.125  57.625   46    0 12
ok 155.125  58.042   45    0 12
ok 155.125  57.958   45    0 12
ok 154.708  57.958   44    0 12
ok 155.292  57.792   43    0 12
ok 155.208  57.625   43    0 12
ok 154.792  57.958   43    0 12
ok 149.208  45.625   43    0 12
ok 149.125  45.625   43    0 12
ok 149.042  45.625   43    0 12
ok 148.958  45.625   43    0 12
ok 148.875  45.625   43    0 12
ok 155.125  58.125   42    0 12
ok 149.042  45.542   42    0 12
ok 148.958  45.542   42    0 12
ok 155.042  57.958   41    0 12
ok 154.792  58.125   41    0 12
ok 149.125  45.542   41    0 12
ok 149.125  45.458   41    0 12
ok 149.042  45.458   41    0 12
ok 149.042  45.375   41    0 12
ok 148.958  45.458   41    0 12
ok 148.958  45.375   41    0 12
ok 148.875  45.458   41  195 12
ok 154.875  58.125   40    0 12
ok 154.875  57.958   40    0 12
ok 155.125  57.708   37    0 12
ok 155.042  58.042   37    0 12
ok 155.208  57.875   36    0 12
ok 155.208  57.708   36    0 12
ok 154.958  57.958   36    0 12
ok 154.958  58.125   35    0 12
ok 154.958  58.042   35    0 12
ok 154.875  58.042   35    0 12
ok 154.875  57.875   35    0 12
ok 155.208  57.792   29    0 12
ok 145.542  43.375   28  195 12
ok 145.458  43.375   28    0 12
ok 154.958  57.875   27    0 12
ok 145.208  42.875   23    0 12
ok 145.208  42.792   23    0 12
ok 145.125  42.958   23    0 12
ok 145.125  42.875   23    0 12
ok 155.125  57.875   20    0 12
ok 155.042  57.708   18    0 12
ok 155.958  51.375   16    0 12
ok 155.875  51.375   16    0 12
ok 155.792  51.375   16    0 12
ok 155.125  57.792   15    0 12
ok 155.708  50.208   52  195 11
ok 155.625  50.208   48  195 11
ok 155.542  50.208   41  195 11
ok 155.542  50.125   41  195 11
ok 155.542  50.792   38  195 11
ok 155.458  50.792   38  195 11
ok 155.625  49.958   35    0 11
ok 155.542  50.042   35    0 11
ok 155.542  49.958   35    0 11
ok 155.458  50.042   35  195 11
ok 155.458  49.958   35    0 11
ok 156.458  50.292   34    0 11
ok 156.375  50.292   34    0 11
ok 154.875  56.042   21    0 11
ok 154.792  56.042   21    0 11
ok 154.792  55.958   21    0 11
ok 154.708  56.042   21    0 11
ok 147.375  44.542   46    0 10
ok 147.375  44.458   46    0 10
ok 147.292  44.625   46  195 10
ok 147.292  44.542   46    0 10
ok 147.708  45.542   45    0 10
ok 147.625  45.542   45    0 10
ok 147.625  45.458   45    0 10
ok 147.542  45.458   45    0 10
ok 147.458  45.458   45    0 10
ok 146.375  56.792   36    0 10
ok 146.292  56.792   36    0 10
ok 146.208  56.792   36    0 10
