0000000000000000000000000000000000000000000000000000000000000000000000000000
0111111110000000000000000000000000000000011111111111111111111111111111111110
0111111000000000000000000000000000000000001111111111111111111111111111111110
0111111000000000000000000000000000000000000111111111111111111111111111111110
0111111000000000000000000000000000000000000011111111111111111111111111111110
0111111100000000000000000000000000000000000011111111111111111111111111111110
0111111100000000000000000000000000000000000001111111111111111111111111111110
0111111000000000000000000000000000000000000000111111111111111111111111111110
0111111000000000000000000000000000000000000000000111111111111111111111111110
0111111000000000000000000000000000000000000000000111111111111111111111111110
0111111000000000000000000000000000000000000000001111111111111111111111111110
0111111000000000000000000000000000000000000000011111111111111111111111111110
0111111000000000000000000000000000000000000000011111111111111111111111111110
0111111100000000000000000000000000000000000000011110011111111111111111111110
0111111100000000000000000000000000000110000000000111111111111111111111111110
0111111100000000000000000000000000001110000000000001111111111111111111111110
0111111110000000000000000000000000011110000000000001111111111111111111111110
0111111111000000000000000000000000111111000000000011111111111111111111111110
0111111111100000000000000000000000111111000000001111111111111111111111111110
0111111111110000000000000000000001111110000000011111111111111111111111111110
0111111111111000000000000000000011111110000100111111111111111111111111111110
0111111111111000000000000000000111111110001111111111111111111111111111111110
0111111111111100000000000000000011111110011111111111111111111111111111111110
0111111111111100000000000000000001111111111111111111111111111111111111111110
0111111111111100000000000000000000101111100111111111111111111111111111111110
0111111111111100000000000000000000001110000111111111111111111111111111111110
0111111111111110000000000000000000001111000111111000111111111111111111111110
0111111111111110000000000000000000000111000111110000111111111111111111111110
0111111111111111000000000000000100010110001111100000111111111111111111111110
0111111111111111000000000000000110110000011111100001111111111111111111111110
0111111111111111000000000000000111110000111111100001111111111111111111111110
0111111111111111000000000000000111110001111111000001111111111111111111111110
0111111111111111000000000001000111111111111100000001111111111111111111111110
0111111111111111000000000011101111101111111100000001111111111111111111111110
0111111111111111000000000111011111000011111000000001111111111111111111111110
0111111111111111000000000111011111000011100000000001111001111111111001111110
0111111111111110000000001111111111100011000000000001111101111111110001111110
0111111111111110000000011111111111110000000000000011111111111111111111111010
0111111111110100000000011111111111110000000000000011111111111111111100111000
0111111111100000000000011111111111111100100000000111111111111111110000010000
0111111111100000000000011111111111111111110000011111111111111111111110000000
0111111111110000000000111111111111111111110000111111111111111111111111000000
0111111111111000000000111111111111111111111111111111111111111111111111000000
0111111111111100000000111111111111111111111111111111111111111111111110000000
0111111111111111111111111111111111111111111111111111111111111000111110000000
0111111111111111111111111111111111111111111111111111111111111000110000000000
0111111111111111111111111111111111111111111111111111111111110000111100000000
0111111111111111100111111111111111111111111111111111111110000000001110000000
0111111111111111110011111111111111111111111111111111111000000000000100000000
0111111111111111110001111111111111111111111111111111110000001111111100000000
0111111111111111100001111111111111111111111111111111110000111111111100000000
0111111111111111000000111111111111111111111111111111110000100011111000000000
0111111111111111000000111111111111111111111111111111110000000001000000000000
0111111111111110000000011111111111111111111111111111110000000000000000000000
0111111111111110000000001111111111111111111111111111110010000000000000000000
0111111111111110000000000011111111111111111111111111111110000000000000000000
0111111111111111000000000000011111111111111111111111111100000000000000000000
0111111111111111100000000000111111110011111111111111100000000000000000000000
0111111111111101110000000000011111100000011110111110000000000000000000000000
0111111111111001110000000000000000000000000100011100000000000000000000000110
0111111111110001110000000000000000000000000000000000000000000000000000000110
0111111111110001110000000000000000000000000000000000000000000000000000000110
0111111111100011110000000000000000000000000000000000000000000000000000001110
0111111111111111111000000000000000000000000000000000000000000000000000001110
0111111111111111111100000000000000000000000000000000000000000000000000001110
0111111111111111111110000000000000000000000000000000000000000000000000001110
0111111111111111111110000000000000000000000000000000000000000000000000000110
0111111111111111111110000000000000000000000000000000000000000000000000000010
0111111111111111111110000000000000000000000000000000000000000000000000000000
0111111111111111001110000000000000000000000000000000000000000000000110000000
0111111111111110000100000000000000000000000000000000000000000000001111000000
0111111111111110000000000000000000000000000000000000000000000000001111100000
0111111111111111000000000000000000000000000000000000000000000000000011100000
0111111111111111000000000000000000000000000000000000000000000000000011100000
0111111111111111000000000000000000000000000000000000000000000000000011111000
0111111111001111000000000000000000000000000000000000000000000000000001111100
0111111111111111000000000000000000000000000000000000000000000000000000111100
0111111111111111000000000000000000000000000000000000000000000000000000011000
0111111111111111000000000000000000000000000000000000000000000000000000000000
0111111111111111000000000000000000000000000000000000000000000000000000000000
0111111101111111000000000000000000000000000000000000000000000000000000000000
0111111101111111100000000000000000000000000000000000000000000000000000000000
0111111101111111100000000000000000000000000000000000000000000000000000000000
0111111101111111110000000000000000000000000000000000000000000000000000000000
0111111101111111110000000000000000000000000000000000000000000000000000000000
0111111110111111110000000000000000000000000000000000000000000000000000000000
0111111111111111100110000000000000000000000000000000000000000000000000000000
0111111111101110001111110000000000000000000000000000000000000000000000000000
0111111111101110011111110000000000000000000000000000000000000000000000000000
0111111111111111111111110000000000000000000000000000000000000000000000000000
0111111111111111111110000000000000000000000000000000000000000000000000000000
0000000000000000000000000000000000000000000000000000000000000000000000000000
00000000000000000000000000000000000000000000000000000000000000000000000000000
01111111100000000000000000000000000000000011111111111111111111111111111111110
01111110100000000000000000000000000000000011111111111111111111111111111111110
01111110000000000000000000000000000000000001111111111111111111111111111111110
01111110000000000000000000000000000000000000111111111111111111111111111111110
01111111000000000000000000000000000000000000011111111111111111111111111111110
01111111000000000000000000000000000000000000011111111111111111111111111111110
01111111000000000000000000000000000000000000001111111111111111111111111111110
01111110000000000000000000000000000000000000000001111111111111111111111111110
01111110000000000000000000000000000000000000000000111111111111111111111111110
01111110000000000000000000000000000000000000000000111111111111111111111111110
01111110000000000000000000000000000000000000000011111111111111111111111111110
01111110000000000000000000000000000000000000000011111111111111111111111111110
01111111000000000000000000000000000000000000000111100011111111111111111111110
01111111000000000000000000000000000000100000000001110011111111111111111111110
01111111000000000000000000000000000001100000000000011111111111111111111111110
01111111100000000000000000000000000001100000000000001111111111111111111111110
01111111110000000000000000000000000111110000000000011111111111111111111111110
01111111111000000000000000000000000111110000000000111111111111111111111111110
01111111111100000000000000000000001111110000000011111111111111111111111111110
01111111111110000000000000000000011111100000000111111111111111111111111111110
01111111111110000000000000000000111111100001101111111111111111111111111111110
01111111111111000000000000000000111111100011111111111111111111111111111111110
01111111111111000000000000000000011111110111111111111111111111111111111111110
01111111111111000000000000000000001101111101111111111111111111111111111111110
01111111111111000000000000000000000001100000111111111111111111111111111111110
01111111111111100000000000000000000011110001111111000111111111111111111111110
01111111111111100000000000000000000000111000111110000111111111111111111111110
01111111111111110000000000000000000000110001111100000111111111111111111111110
01111111111111110000000000000001100110100011111000001111111111111111111111110
01111111111111110000000000000000110100000011111000001111111111111111111111110
01111111111111110000000000000000110100001111111000001111111111111111111111110
01111111111111110000000000000000101100011111100000001111111111111111111111110
01111111111111110000000000011000111011111111000000001111111111111111111111110
01111111111111110000000000111011111000111111000000001111111111111111111111110
01111111111111110000000000110011110000011100000000001110001111111111011111110
01111111111111110000000001110011111000010000000000001111001111111110001111110
01111111111111100000000011111111111100010000000000011111001111111100011110110
01111111111101100000000011111111111100000000000000011111111111111111100110010
01111111111100000000000111111111111110000000000000111111111111110000000110000
01111111111000000000000011111111111111101100000001111111111111111110000000000
01111111110100000000000111111111111111111100000111111111111111111111110000000
01111111111100000000000111111111111111111100001111111111111111111111111000000
01111111111111000000000111111111111111111111111111111111111111111111110000000
01111111111111001001001111111111111111111111111111111111111111010111100000000
01111111111111111111111111111111111111111111111111111111111110000110100000000
01111111111111111111111111111111111111111111111111111111111110001100000000000
01111111111111111001111111111111111111111111111001111111110000000011100000000
01111111111111111100111111111111111111111111110111111111000000000000100000000
01111111111111111110011111111111111111111111111111111110000000000001000000000
01111111111111111100001111111111111111111111111111111100000011111111000000000
01111111111111110000001111111111111111111111111111111100001100011111000000000
01111111111111110000000111111111111111111111111111111100000000011000000000000
01111111111111110000000111111111111111111111111111111100000000000000000000000
01111111111111100000000011111011111111101111111111111100000000000000000000000
01111111111111100000000000111100111111111111100111111100110000000000000000000
01111111111111110000000000000011111111111111111101111111100000000000000000000
01111111111111110000000000000111111100111111111110111100000000000000000000000
01111111111111101100000000000111111100000111101111110000000000000000000000000
01111111111111001100000000000000010000000001100111100000000000000000000000010
01111111111110001100000000000000000000000000000000000000000000000000000001110
01111111111100001100000000000000000000000000000000000000000000000000000000110
01111111111100011100000000000000000000000000000000000000000000000000000000110
01111111111000111110000000000000000000000000000000000000000000000000000011110
01111111111111111111000000000000000000000000000000000000000000000000000001110
01111111111111111111100000000000000000000000000000000000000000000000000001110
01111111111111111111100000000000000000000000000000000000000000000000000001110
01111111111111111111100000000000000000000000000000000000000000000000000000110
01111111111111111111100000000000000000000000000000000000000000000000000000000
01111111111111111011100000000000000000000000000000000000000000000000000000000
01111111111111110001100000000000000000000000000000000000000000000001110000000
01111111111111100000000000000000000000000000000000000000000000000011111000000
01111111111111010000000000000000000000000000000000000000000000000000011000000
01111111111110110000000000000000000000000000000000000000000000000000011000000
01111111111111110000000000000000000000000000000000000000000000000000011100000
01111111110001110000000000000000000000000000000000000000000000000000011111000
01111111110011110000000000000000000000000000000000000000000000000000001111000
01111111111111110000000000000000000000000000000000000000000000000000000111000
01111111111111110000000000000000000000000000000000000000000000000000000010000
01111111110111110000000000000000000000000000000000000000000000000000000000000
01111111101111110000000000000000000000000000000000000000000000000000000000000
01111111001111111000000000000000000000000000000000000000000000000000000000000
01111111011111111000000000000000000000000000000000000000000000000000000000000
01111111001111111100000000000000000000000000000000000000000000000000000000000
01111111001111111100000000000000000000000000000000000000000000000000000000000
01111111101111111100000000000000000000000000000000000000000000000000000000000
01111111100111111100000000000000000000000000000000000000000000000000000000000
01111111111011110001110100000000000000000000000000000000000000000000000000000
01111111111001100011111100000000000000000000000000000000000000000000000000000
01111111111101100111111110000000000000000000000000000000000000000000000000000
01111111111101111111100000000000000000000000000000000000000000000000000000000
01111111111111111111110000000000000000000000000000000000000000000000000000000
00000000000000000000000000000000000000000000000000000000000000000000000000000
00000000000000000000000000000000000000000000000000000000000000000000000000000
01111111100000000000000000000000000000000011111111111111111111111111111111110
01111110100000000000000000000000000000000011111111111111111111111111111111110
01111110000000000000000000000000000000000001111111111111111111111111111111110
01111110000000000000000000000000000000000000111111111111111111111111111111110
01111111000000000000000000000000000000000000011111111111111111111111111111110
01111111000000000000000000000000000000000000011111111111111111111111111111110
01111111000000000000000000000000000000000000001111111111111111111111111111110
01111110000000000000000000000000000000000000000001111111111111111111111111110
01111110000000000000000000000000000000000000000000111111111111111111111111110
01111110000000000000000000000000000000000000000000111111111111111111111111110
01111110000000000000000000000000000000000000000011111111111111111111111111110
01111110000000000000000000000000000000000000000011111111111111111111111111110
01111111000000000000000000000000000000000000000111100011111111111111111111110
01111111000000000000000000000000000000100000000001110011111111111111111111110
01111111000000000000000000000000000001100000000000011111111111111111111111110
01111111100000000000000000000000000001100000000000001111111111111111111111110
01111111110000000000000000000000000111110000000000011111111111111111111111110
01111111111000000000000000000000000111110000000000111111111111111111111111110
01111111111100000000000000000000001111110000000011111111111111111111111111110
01111111111110000000000000000000011111100000000111111111111111111111111111110
01111111111110000000000000000000111111100001101111111111111111111111111111110
01111111111111000000000000000000111111100011111111111111111111111111111111110
01111111111111000000000000000000011111110111111111111111111111111111111111110
01111111111111000000000000000000001101111101111111111111111111111111111111110
01111111111111000000000000000000000001100000111111111111111111111111111111110
01111111111111100000000000000000000011110001111111000111111111111111111111110
01111111111111100000000000000000000000111000111110000111111111111111111111110
01111111111111110000000000000000000000110001111100000111111111111111111111110
01111111111111110000000000000001100110100011111000001111111111111111111111110
01111111111111110000000000000000110100000011111000001111111111111111111111110
01111111111111110000000000000000110100001111111000001111111111111111111111110
01111111111111110000000000000000101100011111100000001111111111111111111111110
01111111111111110000000000011000111011111111000000001111111111111111111111110
01111111111111110000000000111011111000111111000000001111111111111111111111110
01111111111111110000000000110011110000011100000000001110001111111111011111110
01111111111111110000000001110011111000010000000000001111001111111110001111110
01111111111111100000000011111111111100010000000000011111001111111100011110110
01111111111101100000000011111111111100000000000000011111111111111111100110010
01111111111100000000000111111111111110000000000000111111111111110000000110000
01111111111000000000000011111111111111101100000001111111111111111110000000000
01111111110100000000000111111111111111111100000111111111111111111111110000000
01111111111100000000000111111111111111111100001111111111111111111111111000000
01111111111111000000000111111111111111111111111111111111111111111111110000000
01111111111111001001001111111111111111111111111111111111111111010111100000000
01111111111111111111111111111111111111111111111111111111111110000110100000000
01111111111111111111111111111111111111111111111111111111111110001100000000000
01111111111111111001111111111111111111111111111001111111110000000011100000000
01111111111111111100111111111111111111111111110111111111000000000000100000000
01111111111111111110011111111111111111111111111111111110000000000001000000000
01111111111111111100001111111111111111111111111111111100000011111111000000000
01111111111111110000001111111111111111111111111111111100001100011111000000000
01111111111111110000000111111111111111111111111111111100000000011000000000000
01111111111111110000000111111111111111111111111111111100000000000000000000000
01111111111111100000000011111011111111101111111111111100000000000000000000000
01111111111111100000000000111100111111111111100111111100110000000000000000000
01111111111111110000000000000011111111111111111101111111100000000000000000000
01111111111111110000000000000111111100111111111110111100000000000000000000000
01111111111111101100000000000111111100000111101111110000000000000000000000000
01111111111111001100000000000000010000000001100111100000000000000000000000010
01111111111110001100000000000000000000000000000000000000000000000000000001110
01111111111100001100000000000000000000000000000000000000000000000000000000110
01111111111100011100000000000000000000000000000000000000000000000000000000110
01111111111000111110000000000000000000000000000000000000000000000000000011110
01111111111111111111000000000000000000000000000000000000000000000000000001110
01111111111111111111100000000000000000000000000000000000000000000000000001110
01111111111111111111100000000000000000000000000000000000000000000000000001110
01111111111111111111100000000000000000000000000000000000000000000000000000110
01111111111111111111100000000000000000000000000000000000000000000000000000000
01111111111111111011100000000000000000000000000000000000000000000000000000000
01111111111111110001100000000000000000000000000000000000000000000001110000000
01111111111111100000000000000000000000000000000000000000000000000011111000000
01111111111111010000000000000000000000000000000000000000000000000000011000000
01111111111110110000000000000000000000000000000000000000000000000000011000000
01111111111111110000000000000000000000000000000000000000000000000000011100000
01111111110001110000000000000000000000000000000000000000000000000000011111000
01111111110011110000000000000000000000000000000000000000000000000000001111000
01111111111111110000000000000000000000000000000000000000000000000000000111000
01111111111111110000000000000000000000000000000000000000000000000000000010000
01111111110111110000000000000000000000000000000000000000000000000000000000000
01111111101111110000000000000000000000000000000000000000000000000000000000000
01111111001111111000000000000000000000000000000000000000000000000000000000000
01111111011111111000000000000000000000000000000000000000000000000000000000000
01111111001111111100000000000000000000000000000000000000000000000000000000000
01111111001111111100000000000000000000000000000000000000000000000000000000000
01111111101111111100000000000000000000000000000000000000000000000000000000000
01111111100111111100000000000000000000000000000000000000000000000000000000000
01111111111011110001110100000000000000000000000000000000000000000000000000000
01111111111001100011111100000000000000000000000000000000000000000000000000000
01111111111101100111111110000000000000000000000000000000000000000000000000000
01111111111101111111100000000000000000000000000000000000000000000000000000000
01111111111111111111110000000000000000000000000000000000000000000000000000000
00000000000000000000000000000000000000000000000000000000000000000000000000000
