11111111110000000000000000000000000000000111111111111111111111111111111111111
11111111100000000000000000000000000000000011111111111111111111111111111111111
11111111110000000000000000000000000000000001111111111111111111111111111111111
11111111100000000000000000000000000000000001111111111111111111111111111111111
11111110000000000000000000000000000000000000111111111111111111111111111111111
11111111000000000000000000000000000000000000011111111111111111111111111111111
11111111000000000000000000000000000000000000011111111111111111111111111111111
11111111000000000000000000000000000000000000001111111111111111111111111111111
11111110000000000000000000000000000000000000000101111111111111111111111111111
11111110000000000000000000000000000000000000000000111111111111111111111111111
11111110000000000000000000000000000000000000000000011111111111111111111111111
11111110000000000000000000000000000000000000000011111111111111111111111111111
11111110000000000000000000000000000000000000001011111111111111111111111111111
11111111000000000000000000000000000000000000001111111111111111111111111111111
11111111000000000000000000000000000000100000000001110000111111111111111111111
11111111100000000000000000000000000000100000000000110111111111111111111111111
11111111110000000000000000000000000000110000000000011111111111111111111111111
11111111110000000000000000000000000001110000000000001111111111111111111111111
11111111111000000000000000000000000111110000000000011111111111111111111111111
11111111111100000000000000000000001111110000000001111111111111111111111111111
11111111111110000000000000000000011111100000000011111111111111111111111111111
11111111111110000000000000000000111111100000110111111111111111111111111111111
11111111111111000000000000000000111111100001111111111111111111111111111111111
11111111111111000000000000000000011111110011111111111111111111111111111111111
11111111111111000000000000000000011101111111111111111111111111111111111111111
11111111111111100000000000000000000111111000011111111111111111111111111111111
11111111111111100000000000000000000011111000111111100111111111111111111111111
11111111111111110000000000000000000000111001111110000011111111111111111111111
11111111111111110000000000000000000010111000011100000111111111111111111111111
11111111111111110000000000000000100010100001111000000111111111111111111111111
11111111111111110000000000000001110000000001111000001111111111111111111111111
11111111111111111000000000000000011100000111111000001111111111111111111111111
11111111111111111000000000000000111110001111100000000111111111111111111111111
11111111111111111000000000001000010011111111100000000111111111111111111111111
11111111111111111000000000011000111111111111000000001111111111111111111111111
11111111111111110000000000010001110000011110000000000111011111111111111111111
11111111111111110000000000111001101110010000000000000111001111111110001111111
11111111111111110000000011111111011100001000000000000111101111111110001111111
11111111111111100000000011111111011100001000000000001111111111111111111110111
11111111111111100000000011111111111110001000000000011111111111111001100110000
11111111111100000000000011111111111111100100000000111111111111111100000010000
01111111111110000000000011111111111111111100000001111111111111111111110010000
01111111111110000000000011111111111111111100000111111111111111111111111100000
01111111111111000100000111111111111111111111101111111111111111111111111000000
01111111111111001101000111111111111111111111111111111111111111011111110000000
01111111111111111101111111111111111111111111111111111111111110000110100000000
01111111111111111111111111111111111111111111111111111111111110000110100000000
01111111111111111101111111111111111111111111111001111111111000000011000000000
01111111111111111100111111111111111111111111111101111111100000000001100000000
11111111111111111110011111111111111111111111111111111110000000000001100000000
11111111111111111100001111111111111111111111111111111100000001110111000000000
01111111111111111000000111111111111111111111111111111100001100011111100000000
01111111111111110000001111111111111111111111111111111100000000011100000000000
01111111111111110000000111111111111111111111111111111110000000000000000000000
01111111111111110000000011111011111111111111111111111100000000110000000000000
01111111111111110000000001111101111111111111111111111110110000000000000000000
01111111111111110000000000111010111111111111111001111110100000000000000000000
01111111111111110100000000000111111101111111111111111100000000000000000000000
01111111111111111100000000000111111100000111111111111000000000000000000000000
01111111111111110110000000000010011100000001100111100000000000000000000000000
11111111111110001110000000000000000000000000000110000000000000000000000000111
11111111111110001100000000000000000000000000000000000000000000000000000000111
11111111111100001100000000000000000000000000000000000000000000000000000000111
11111111111100111111000000000000000000000000000000000000000000000000000011111
11111111111111111111000000000000000000000000000000000000000000000000000011111
11111111111111111111100000000000000000000000000000000000000000000000000000111
01111111111111111111110000000000000000000000000000000000000000000000000000111
01111111111111111111100000000000000000000000000000000000000000000000000000110
01111111111111111111110000000000000000000000000000000000000000000000000000010
01111111111111111111110000000000000000000000000000000000000000000000000000000
01111111111111111001110000000000000000000000000000000000000000000000011000000
01111111111111101000000000000000000000000000000000000000000000000011111000000
01111111111111101000000000000000000000000000000000000000000000000011011100000
01111111111111111000000000000000000000000000000000000000000000000000011100000
01111111111111110000000000000000000000000000000000000000000000000000011110000
01111111111111110000000000000000000000000000000000000000000000000000011111100
01111111111011110000000000000000000000000000000000000000000000000000001111100
01111111111111110000000000000000000000000000000000000000000000000000000111000
01111111111111110000000000000000000000000000000000000000000000000000000010000
01111111110111110000000000000000000000000000000000000000000000000000000000000
01111111110111111000000000000000000000000000000000000000000000000000000000000
01111111101111111100000000000000000000000000000000000000000000000000000000000
01111111001111111100000000000000000000000000000000000000000000000000000000000
01111111001111111100000000000000000000000000000000000000000000000000000000000
01111111001111111100000000000000000000000000000000000000000000000000000000000
01111111100111111110000000000000000000000000000000000000000000000000000000000
01111111110111111100000000000000000000000000000000000000000000000000000000000
01111111110111111000111100000000000000000000000000000000000000000000000000000
01111111111001110011111110000000000000000000000000000000000000000000000000000
01111111111101110111111110000000000000000000000000000000000000000000000000000
01111111111101111111110100000000000000000000000000000000000000000000000000000
01111111111101111111111000000000000000000000000000000000000000000000000000000
01111111111111111111111000000000000000000000000000000000000000000000000000000
