00000000000000000000000000000000000000000000000000000000000000
00000000000000000000000000000000000000000000000000000000000000
00000000000000000000000000000000000000000000000000000000000000
00000000000000000000000000000000000000000000000000000000000000
00000000000000000000000000000000000000000000000000000000000000
00000000000000000000000000000000000000000000000000000000000000
00000000000000000000000000000000000000000000000000000000000000
00000000000000000000000000000000001111100000000000000000000000
00000000000000000001100000000000111111111000000000000000000000
00000000000000000011110000000000011111111100000000000000000000
00000000000000000011111000000000000011111111000000000000000000
00000000000000000011111000000000000000111111110000000000000000
00000000000000000011111000000000000000011000111000000000000000
00000000000000000011111000000000000000000001111000000000000000
00000000000000000011111000000000000111000000000000000000000000
00000000000000000011111000000000000111000000110000000000000000
00000000000000000011111000000001000111000000111111100000000000
00000000000000000011111000000001100111000000011111111100000000
00000000000000000011111000000000111111000000000011111110000000
00000000000000000001111000000000111111000000000001111110000000
00000000000000000001111000000000111111100000000000000001000000
00000000000000000001111100000000111111100100000000000000000000
00000000000000000000111110000000111111111110000000000000000000
00000000000000000000111111100000111111111110000000000000000000
00000000000000000001111111100000111111111100000000000000000000
00000000000000000000111111100001111111111000000000000000000000
00000000000000000000011111111111111111110000000000000000000000
00000000000000000000000000000000111000000000000000000000000000
00000000000000000000000000000000000000000000000000000000000000
00000000000000000000011000011110000000000000000000000000000000
00000000000000000000111111111100000000000000000000000000000000
00000001001111000111111111111000000000000000000000000000000000
00000001111111110011111111111000000000000000000000000000000000
00000000111111111001111111110000000000000000000000000000000000
00000000011111111111111111110000000000000000000000000000000000
00000000001111111111111111100000000000000000000000000000000000
00000000000011111111111110000000000000000000000000000000000000
00000000000000111111111110000000000000000000000000000000000000
00000000000000011111111100000000000000000000000000000000000000
00000000000000000011111000000000000000000000000000000000000000
00000000000000000000000000000000000000000000000000000000000000
00000000000000000000000000000000000000000000000000000000000000
00000000000000000000000000000000000000000000000000000000000000
00000000000000000000000000000000000000000000000000000000000000
00000000000000000000000000000000000000000000000000000000000000
