0000000000000000000000000000000000000000000000000000000000000
0000000000000000000000000000000000000000000000000000000000000
0000000000000000000000000000000000000000000000000000000000000
0000000000000000000000000000000000000000000000000000000000000
0000000000000000000000000000000000000000000000000000000000000
0000000000000000000000000000000000000000000000000000000000000
0000000000000000000000000000000000000111000000000000000000000
0000000000000000000110000000000000001111100000000000000000000
0000000000000000001111000000000000011111110000000000000000000
0000000000000000001111000000000000011111110000000000000000000
0000000000000000001111000000000000001111100000000000000000000
0000000000000000001111000000000000000111000000000000000000000
0000000000000000001111000000000000000000000000000000000000000
0000000000000000001111000000000000000000000000000000000000000
0000000000000000001111000000000000000000000000000000000000000
0000000000000000001111000000000001110000000000000000000000000
0000000000000000001111000000000011111000000000000000000000000
0000000000000000001111100000000111111100000000000000100000000
0000000000000000001111100000000111111100000000000001110000000
0000000000000000001111100000000111111110000000000011110000000
0000000000000000000111110000000111111111000000000001100000000
0000000000000000000111111000000111111111100000000000000000000
0000000000000000000111111100000111111111100000000000000000000
0000000000000000000011111100000111111111000000000000000000000
0000000000000000000001111111111111111110000000000000000000000
0000000000000000000000000111111111100000000000000000000000000
0000000000000000000000000111111111100000000000000000000000000
0000000000000000000000000111111111000000000000000000000000000
0000000000000000000001111111111110000000000000000000000000000
0000000000110000000011111111100000000000000000000000000000000
0000000001111000000011111111100000000000000000000000000000000
0000000011111100000111111111000000000000000000000000000000000
0000000011111100000111111111000000000000000000000000000000000
0000000001111001111111111110000000000000000000000000000000000
0000000000100011111111111100000000000000000000000000000000000
0000000000000011111111111100000000000000000000000000000000000
0000000000000011111111111000000000000000000000000000000000000
0000000000000001111111110000000000000000000000000000000000000
0000000000000000000000000000000000000000000000000000000000000
0000000000000000000000000000000000000000000000000000000000000
0000000000000000000000000000000000000000000000000000000000000
0000000000000000000000000000000000000000000000000000000000000
0000000000000000000000000000000000000000000000000000000000000
0000000000000000000000000000000000000000000000000000000000000
