
PDATA4
 19 
    1     0.01860798       4.207205      28.620089
    2     0.01627522       7.346091     193.788772
    3    -0.01300660      17.857263     308.307024
    4     0.00988829      17.220546     320.199637
    5    -0.00336700      16.846733     279.376984
    6     0.00333077       5.199079      87.195000
    7    -0.00235400      18.231076     349.129677
    8     0.00140015      26.216758     123.443387
    9     0.00100700       6.359169     154.143880
   10     0.00085700      16.210016     291.269597
   11     0.00064990       3.065181     114.860583
   12     0.00059900      16.583829     332.092251
   13     0.00037800      18.493980     296.414411
   14    -0.00033700       6.190953     145.769910
   15     0.00027600      18.867793     337.237063
   16     0.00018200      17.425567     152.092288
   17    -0.00017400       6.186001     126.839891
   18    -0.00012400      18.417441     210.667199
   19     0.00001250       0.667863      72.108838
 47 
    1       -2462.22      31.609974       251.9025
    2        -857.32      32.620504       280.8325
    3        -629.32      24.172203       128.3057
    4        -414.28      31.983787       292.7252
    5        -311.76      44.828336        15.3747
    6         308.94      30.973257       263.7951
    7        -162.55      43.668246       308.4258
    8        -116.11      32.246691       240.0099
    9         101.12      30.599444       222.9725
   10         -67.69      42.681324       268.7809
   11          24.91      43.836462       316.7998
   12          22.58      47.439436       319.6024
   13         -21.16      63.219948       143.8050
   14         -15.65      64.230478       172.7351
   15          15.39       1.010530        28.9300
   16          14.67       7.437771       123.5968
   17         -11.73      55.782177        20.2082
   18          10.27       0.373813        40.8226
   19           6.49      13.218362       123.4722
   20           5.85      62.583231       155.6977
   21          -5.49      63.593761       184.6277
   22          -5.43      76.438310       267.2772
   23           5.16      45.815258        55.0196
   24           5.08       8.448301       152.5268
   25          -4.07      56.792707        49.1382
   26           3.72      49.747842       204.6609
   27           3.40      12.058272        56.5233
   28          -2.83      75.278220       200.3284
   29          -2.66      65.241008       201.6651
   30          -2.57      64.604291       213.5577
   31          -2.47       1.647247        17.0374
   32           2.46       7.811584       164.4194
   33           2.25      12.207832        94.5422
   34          -2.08      63.856665       131.9124
   35          -1.97      56.155990        61.0309
   36          -1.38      77.448840       296.2073
   37          -1.85       6.801054       135.4894
   38           1.32      62.209418       114.8750
   39           1.76      20.656133       247.0691
   40          -1.54      48.344406       256.6114
   41           1.47      55.145460        32.1008
   42          -1.46      69.000539       143.6804
   43           1.42      11.071350        16.8784
   44          -1.18      74.291298       160.6835
   45           1.18      11.047742        27.5932
   46          -1.13       0.636717       348.1074
   47           1.09      12.844549        82.6496
 78 
    1        7391.02      31.609974       251.9025
    2        2555.15      32.620504       280.8325
    3        2022.76      24.172203       128.3057
    4       -1973.65       0.636717       348.1074
    5        1240.23      31.983787       292.7252
    6         953.37       3.138886       165.1686
    7        -931.75      30.973257       263.7951
    8         872.38      44.828336        15.3747
    9         606.35       0.991874        58.5749
   10        -496.03       0.373813        40.8226
   11         456.96      43.668246       308.4258
   12         346.95      32.246691       240.0099
   13        -305.34      30.599444       222.9725
   14         249.62       2.147012       106.5937
   15        -199.10      10.511172       114.5182
   16         191.06      42.681324       268.7809
   17        -175.29      13.650058       279.6869
   18         165.91       0.986922        39.6448
   19         161.13       9.874455       126.4108
   20         139.79      13.013341       291.5795
   21        -133.52       0.262904       307.2848
   22         117.07       0.004952        18.9300
   23         104.69       1.142024       273.7596
   24          95.32      63.219948       143.8050
   25          86.78       0.205021       191.8927
   26          86.09       2.151964       125.5237
   27          70.59      64.230478       172.7351
   28         -69.97      43.836462       316.7998
   29         -62.58      47.439436       319.6024
   30          61.55       1.384343        69.7526
   31         -57.94       7.437771       123.5968
   32          57.19      18.829299       217.6432
   33         -57.02       9.500642        85.5882
   34         -54.21       0.431696       156.2147
   35          53.23       1.160090        66.9489
   36          52.12      55.782177        20.2082
   37         -49.01      12.639528       250.7568
   38         -48.31       1.155138        48.0188
   39         -45.42       0.168216         8.3739
   40         -42.24       1.647247        17.0374
   41         -34.80      10.884985       155.3409
   42          34.46       5.610937        94.1709
   43         -33.84      12.658184       221.1120
   44          33.67       1.010530        28.9300
   45         -31.25       1.983748       117.1498
   46         -30.33      14.023871       320.5095
   47          28.46       0.560178       262.3602
   48         -27.20       1.273434       336.2148
   49          27.09      12.021467       233.0046
   50         -26.34      62.583231       155.6977
   51          24.73      63.593761       184.6277
   52          24.67      76.438310       267.2772
   53          24.43       4.280910        78.9281
   54          24.01      13.218362       123.4722
   55          21.72      17.818769       188.7132
   56         -21.54       3.359495       180.1364
   57          18.11      56.792707        49.1382
   58         -16.96       8.448301       152.5268
   59         -16.18       1.978796        98.2198
   60          15.56       8.863925        97.4808
   61          15.48       0.186365       221.5376
   62          15.22       8.996212       168.2438
   63          14.50       6.771027       161.1199
   64         -14.39      45.815258        55.0196
   65          13.14      12.002811       262.6495
   66          12.88      75.278220       200.3284
   67          11.99      65.241008       201.6651
   68          11.94      18.870667       294.6547
   69          11.70      22.009553        99.8233
   70          11.60      64.604291       213.5577
   71         -11.26      11.498094       154.1631
   72         -10.47       0.578834       232.7153
   73          10.43       9.237738       138.3034
   74         -10.24      49.747842       204.6609
   75          10.19       2.147012       106.5938
   76         -10.13       1.196895       250.4676
   77          10.03       2.133898       332.3345
   78         -10.00       0.173168        27.3039
     200.     0.17
     210.     0.50
     220.     1.51
     230.     3.19
     240.     6.55
     250.    11.75
     260.    17.98
     270.    25.04
     280.    31.93
     290.    37.31
             1.00000000000
             1.00000000000
             1.00000000000
             .930000000000
             .748800000000
             .444000000000
             .234400000000
             .812000000000E-01
             .112000000000E-01
             .840000000000E-02
             .140000000000E-01
             .292000000000E-01
             .459000000000E-01
             .719000000000E-01
             .107400000000
             .145000000000
             .197800000000
             .232600000000
             .249800000000
             .254000000000
             .254000000000
             .254000000000
             .254000000000
             .255600000000
             .261600000000
             .276000000000
             .299200000000
             .327200000000
             .356400000000
             .385200000000
             .414000000000
             .443600000000
             .476800000000
             .511600000000
             .546800000000
             .582000000000
             .622800000000
             .663600000000
             .657600000000
             .557000000000
             .313000000000
             .225800000000
             .138000000000
             .564000000000E-01
            0.
            0.
             .307000000000E-08
             .353800000000E-08
             .383020000000E-08
             .470740000000E-08
             .634500000000E-08
             .833300000000E-08
             .121946000000E-07
             .172820000000E-07
             .220780000000E-07
             .256760000000E-07
             .277800000000E-07
             .288280000000E-07
             .292700000000E-07
             .288620000000E-07
             .277200000000E-07
             .263200000000E-07
             .260800000000E-07
             .271600000000E-07
             .314320000000E-07
             .393900000000E-07
             .501500000000E-07
             .564620000000E-07
             .602360000000E-07
             .602360000000E-07
             .564620000000E-07
             .501500000000E-07
             .393900000000E-07
             .314320000000E-07
             .271600000000E-07
             .260800000000E-07
             .263200000000E-07
             .277200000000E-07
             .288620000000E-07
             .292700000000E-07
             .288280000000E-07
             .277800000000E-07
             .256760000000E-07
             .220780000000E-07
             .172820000000E-07
             .121946000000E-07
             .833300000000E-08
             .634500000000E-08
             .470740000000E-08
             .383020000000E-08
             .353800000000E-08
             .307000000000E-08
2800.               2406.6667               2150.               2030. 
 1970.              1446.6667               460.0                153.3333 
0.0                 111.0               300.                406.3 
445.5               449.9               455.0               500.0 
605.4               716.0               760.0               723.5 
650.0               578.7               521.6               483.6 
462.6               450.0               443.3               467.0 
553.2               755.7               1150.0              1618.4
1419.8              920.6               623.5               480.0 
409.7               384.8               371.5               283.8 
145.0               138.8               0.0                 0.0 
0.0                 0.0 
553.2               560.0               567.0               574.4 
582.0               590.0               598.4               607.1 
616.1               625.5               635.3               645.4 
656.0               667.0               678.3               690.1 
702.3               715.0               728.1               741.7 
755.7               770.3               785.3               800.8 
816.8               833.3               850.4               868.0 
886.2               904.8               924.1               944.0 
964.4               985.4               1007.0              1029.3
1052.1              1075.6              1099.8              1124.6
1150.0              1176.1              1202.7              1229.7
1257.0              1284.4              1311.8              1339.1
1366.1              1392.6              1418.7              1444.0
1468.5              1492.0              1514.4              1535.6
1555.5              1573.8              1590.5              1605.4
1618.4              1629.4              1638.2              1644.6
1648.6              1650.0              1648.7              1644.8
1638.5              1629.8              1619.0              1606.1
1591.3              1574.7              1556.4              1536.7
1515.5              1493.1              1469.6              1445.1
1419.8              1393.8              1367.2              1340.2
1312.8              1285.3              1257.8              1230.3
1203.1              1176.3              1150.0              1124.3
1099.2              1074.8              1051.0              1027.7
1005.1              983.1               961.7               940.8 
920.6               900.9               881.7               863.1 
845.0               827.5               810.5               794.0 
778.1               762.6               747.6               733.2 
719.2               705.6               692.6               680.0 
667.8               656.1               644.9               634.0 
623.5               613.4               603.8               594.4 
585.4               576.8               568.5               560.5 
552.8               545.4               538.3               531.5 
524.9               518.6               512.4               506.6 
500.9               495.4               490.1               485.0 
480.0               475.2               470.5               466.0 
461.6               457.3               453.2               449.3 
445.4               441.8               438.2               434.8 
431.5               428.3               425.3               422.4 
419.6               416.9               414.4               412.0 
409.7               407.5               405.5               403.5 
401.7               400.0               398.4               396.9 
395.5               394.2               393.0               391.9 
390.8               389.9               389.0               388.2 
387.4               386.7               386.0               385.4 
384.8               384.2               383.7               383.2 
                 0. 
1000.0
                  3000. 
3.0 
MULTICYCLE RUN WITHOUT GRID CONVERSION. 
  6.000000(4G20.12)                                          12.26.57. 08/04/8
00000000000000000000000000
00000000000000000000000000
      299.552767170       299.552767170       299.819295301       300.352351564 
      301.263548968       302.330523050       303.553273810       305.067986523 
      306.687452041       308.411670364       310.352142644       312.413247818 
      314.594985885       317.277181044       320.380197440       323.904035074 
      327.171710839       330.299302978       333.286811489       335.829924924 
      338.115499077       340.143533950       341.616149381       342.807338856 
      343.717102373       344.086666880       344.203011894       344.066137417 
      343.450373378       342.605308251       341.530942036       340.026920288 
      338.334002525       336.452188746       334.324725230       332.120014083 
      329.838055305       328.472498167       327.351976585       326.476490559 
      325.844053524       325.316407256       324.893551754       324.661623679 
      324.545659642       324.545659642 
      252.340093896       252.340093896       253.340263439       255.340602526 
      258.814812988       262.921055978       267.659331496       273.619485384 
      279.066995632       284.001862239       288.128202078       291.921413355 
      295.381496072       298.005324344       300.089207073       301.633144258 
      302.937077824       304.138033381       305.236010928       306.170663145 
      307.010663799       307.756012890       308.297232664       308.735021977 
      309.069380828       309.205204217       309.247963665       309.197659171 
      308.971351836       308.660771119       308.265917020       307.713154709 
      307.090968801       306.399359298       305.617467911       304.807186257 
      303.968514336       302.493580974       300.578890447       298.224442756 
      295.355697661       293.024810692       291.231781848       290.126347669 
      289.573630579       289.573630579 
      221.030321519       223.381683444       226.836283291       231.394121058 
      237.555457537       244.402942392       251.936575622       260.902717890 
      269.178519683       276.763981002       281.234501953       285.295063318 
      288.945665097       291.532187996       293.414387146       294.592262545 
      295.535460299       296.383301880       297.135787289       297.776339691 
      298.352023809       298.862839642       299.233757958       299.533791479 
      299.762940206       299.856025095       299.885329757       299.850854191 
      299.695757242       299.482904568       299.212296167       298.833467314 
      298.407059854       297.933073787       297.397214141       296.841897574 
      296.267124087       292.568245608       288.675483230       284.588836953 
      281.362337548       280.593778091       282.283158581       281.034595159 
      280.410313448       280.410313448 
      241.394664880       241.394664880       242.514308297       244.753595132 
      248.645398533       253.246970303       258.558310440       265.243438026 
      271.311994880       276.763981002       281.234501953       285.295063318 
      288.945665097       291.532187996       293.414387146       294.592262545 
      295.535460299       296.383301880       297.135787289       297.776339691 
      298.352023809       298.862839642       299.233757958       299.533791479 
      299.762940206       299.856025095       299.885329757       299.850854191 
      299.695757242       299.482904568       299.212296167       298.833467314 
      298.407059854       297.933073787       297.397214141       296.841897574 
      296.267124087       294.788012780       292.752547320       290.160727705 
      286.925947670       284.300091296       282.283158581       281.034595159 
      280.410313448       280.410313448 
      220.305776481       221.980689229       224.776913994       228.694450775 
      234.211606082       240.416863712       247.310223664       255.877709498 
      264.242843032       272.405624265       277.636428879       282.375943130 
      286.624167019       289.718342656       292.122278990       293.835976020 
      295.240067932       296.517096858       297.667062799       298.642133526 
      299.528225123       300.325337590       300.947392691       301.485924798 
      301.940933912       302.240727329       302.468768838       302.625058439 
      302.646337088       302.602880939       302.494689992       302.263222949 
      301.975297173       301.630912663       301.201001411       300.740192373 
      300.248485548       297.717776104       295.084583717       292.348908386 
      290.396452652       289.867810532       290.762982027       290.048503974 
      289.714662232       289.761456803 
      235.148257296       235.148700707       236.256048446       238.470300514 
      242.346078185       247.014656468       252.476035362       266.744615420 
      276.452258114       281.598963444       285.430381344       288.963755517 
      292.199085964       294.515988549       296.212727548       297.289302963 
      298.128631070       298.874474642       299.526833680       300.001696601 
      300.386948982       300.682590824       300.798350727       300.823937850 
      300.759352193       300.516915380       300.187671895       299.771621740 
      299.181396827       298.484858477       297.682006691       296.566703197 
      295.126398997       293.361094091       291.010404574       288.409813199 
      285.559319965       282.114385986       278.370965767       274.329059308 
      273.443019769       273.000000000       273.000000000       273.000000000 
      273.000000000       273.000000000 
      273.000000000       273.000000000       273.000000000       273.000000000 
      273.000000000       273.000000000       273.000000000       273.585936966 
      276.452258114       281.598963444       285.430381344       288.963755517 
      292.199085964       294.515988549       296.212727548       297.289302963 
      298.128631070       298.874474642       299.526833680       300.001696601 
      300.386948982       300.682590824       300.798350727       300.823937850 
      300.759352193       300.516915380       300.187671895       299.771621740 
      299.181396827       298.484858477       297.682006691       296.566703197 
      295.126398997       293.361094091       291.010404574       288.409813199 
      285.559319965       282.114385986       278.370965767       274.329059308 
      273.443019769       273.000000000       273.000000000       273.000000000 
      273.000000000       273.000000000 
      2800.00000000       2406.66666667       2150.00000000       2030.00000000 
      1970.00000000       1446.66666667       460.000000000       153.333333333 
     0.                  0.                  0.                  0. 
     0.                  0.                  0.                  0. 
     0.                  0.                  0.                  0. 
     0.                  0.                  0.                  0. 
     0.                  0.                  0.                  0. 
     0.                  0.                  0.                  0. 
     0.                  0.                  0.                  0. 
     0.                  0.                  0.                  0. 
     0.                  0.                  0.                  0. 
     0.                  0. 
     0.                  0.                  0.                  0. 
     0.                  0.                  0.                  0. 
     0.                  0.                  0.                  0. 
     0.                  0.                  0.                  0. 
     0.                  0.                  0.                  0. 
     0.                  0.                  0.                  0. 
     0.                  0.                  0.                  0. 
     0.                  0.                  0.                  0. 
     0.                  0.                  0.                  0. 
     0.                  0.                  0.                  0. 
     0.                  0.                  0.                  0. 
     0.                  0. 
      14.8214100000       14.7395833333       14.2164666667       13.2520600000 
      11.3878400000       8.41226466667       4.32533400000       1.44177800000 
     0.                  0.                  0.                  0. 
     0.                  0.                  0.                  0. 
     0.                  0.                  0.                  0. 
     0.                  0.                  0.                  0. 
     0.                  0.                  0.                  0. 
     0.                  0.                  0.                  0. 
     0.                  0.                  0.                  0. 
     0.                  0.                  0.                  0. 
      .158528733333       .489857266667       .993985600000       1.18264386667 
      1.28913666667       1.31346400000 
     0.                  0.                  0.                  0. 
     0.                  0.                  0.                  0. 
     0.                  0.                  0.                  0. 
     0.                  0.                  0.                  0. 
     0.                  0.                  0.                  0. 
     0.                  0.                  0.                  0. 
     0.                  0.                  0.                  0. 
     0.                  0.                  0.                  0. 
     0.                  0.                  0.                  0. 
     0.                  0.                  0.                  0. 
     0.                  0.                  0.                  0. 
     0.                  0. 
     0.                  0.                  0.                  0. 
     0.                  0.                  0.                  0. 
     0.                  0.                  0.                  0. 
     0.                  0.                  0.                  0. 
     0.                  0.                  0.                  0. 
     0.                  0.                  0.                  0. 
     0.                  0.                  0.                  0. 
     0.                  0.                  0.                  0. 
     0.                  0.                  0.                  0. 
     0.                  0.                  0.                  0. 
      135.997254479       186.733348752       152.208282818       132.207691384 
      122.384376913       122.738339405 
   16    0   45   45
    0   45   45 
    0   45    1 
00000000000011001110110110
00000110000000000000011000
88888    5    0   30
   10   10   10 
   38   38   38 
00000000000011001110110110
11000110000000000001011000
88888    2    0   30
   10   10   10 
    0   45    1 
00000000000011001110110110
11000110000000000001011000
/
