 -1.80  57   0.043109  0.042484  0.182250
 -1.80  54   0.040244  0.033049  0.216887
 -1.80  70   0.039448  0.043848  0.202946
 -1.80  58   0.037182  0.036239  0.203454
 -1.80  55   0.035597  0.032727  0.184049
 -1.80  50   0.032967  0.028256  0.153367
 -1.80  56   0.024019  0.035746  0.157259
 -1.80  51   0.039757  0.045865  0.180092
 -1.80  52   0.031807  0.038534  0.156553
 -1.80  50   0.040180  0.033031  0.171706
 -1.80  55   0.042642  0.028943  0.151222
 -1.80  78   0.030122  0.044373  0.151357
 -1.80  59   0.041444  0.022495  0.215751
 -1.80  52   0.041449  0.046431  0.186761
 -1.80  68   0.035542  0.027634  0.175804
 -1.80  99   0.032062 -0.000286  0.160594
 -1.80  56   0.032143  0.043811  0.160558
 -1.80  52   0.041495  0.043616  0.203265
 -1.80  56   0.036246  0.029967  0.162542
 -1.80  57   0.036557  0.030842  0.159897
 -1.80 100   0.043331  0.039005  0.164208
 -1.80  86   0.042559  0.046179  0.156235
 -1.80  89   0.037133  0.045560  0.151293
 -1.80  92   0.044640  0.011615  0.161820
 -1.80  63   0.039481  0.043703  0.157823
 -1.79  76   0.041309  0.047004  0.157149
 -1.80  91   0.044154  0.040424  0.156579
 -1.77  84   0.043850  0.038451  0.153409
 -1.79  79   0.041577  0.047491  0.152542
 -1.39  89   0.044050  0.049218  0.164918
 -0.98  60   0.043478  0.042457  0.152246
 -1.80  15   0.043503  0.035776  0.156699
 -1.80  45   0.043708  0.047897  0.173009
 -0.49  66   0.036559  0.031613  0.150107
  0.40  74   0.044444  0.022727  0.162632
 -1.29  66   0.041633  0.002516  0.155503
 -0.41  64   0.035829  0.000906  0.155612
 -0.36  50   0.044883  0.036232  0.152191
 -0.42  70   0.036039  0.019758  0.162765
  0.81  46   0.042230 -0.016736  0.160415
  0.81  51   0.043576 -0.002948  0.158754
 -1.65  92   0.037153  0.010587  0.188207
 -1.65  97   0.042697  0.024534  0.209647
 -1.67  97   0.041055  0.002494  0.169478
 -1.63  93   0.038844  0.004988  0.161545
 -1.69  90   0.033928  0.007092  0.159790
 -1.70  90   0.036416  0.010976  0.169614
 -1.70  93   0.037807  0.009507  0.173115
 -1.63  95   0.036592 -0.012629  0.155577
 -1.64  95   0.033370 -0.011347  0.150122
 -1.63  92   0.037720  0.016770  0.155207
 -1.71  95   0.038728  0.004490  0.150664
 -1.63  59   0.030976  0.043829  0.155804
 -1.80  84   0.036058  0.021354  0.165018
 -1.80  75   0.032564  0.038541  0.150507
 -1.80  77   0.035674  0.041551  0.160602
 -1.80  83   0.032311  0.013125  0.150481
 -1.80  51   0.034351  0.025316  0.158670
 -1.80  52   0.039711  0.044311  0.169615
 -1.80  47   0.040392  0.018879  0.188385
 -1.80  49   0.041112  0.039976  0.194934
 -1.80  45   0.038975  0.032511  0.160302
 -1.80  83   0.038084  0.044151  0.154451
 -1.80  88   0.039142  0.049340  0.153944
 -1.80  88   0.039042  0.023458  0.174137
 -1.80  87   0.033956  0.017271  0.168939
 -1.80  90   0.029007 -0.010058  0.156314
 -1.80  93   0.019301  0.009884  0.152116
 -1.80  71   0.026332  0.046028  0.152163
 -1.80  64   0.030048  0.017991  0.162388
 -1.80  56   0.036382  0.023432  0.202364
 -1.80  65   0.043132  0.041742  0.231665
 -1.80  54   0.038475  0.034727  0.189768
 -1.80  61   0.038694  0.024847  0.163940
 -1.80  64   0.039307  0.013037  0.154454
 -1.80  66   0.032644  0.031484  0.156217
 -1.80  80   0.025220  0.025772  0.162610
 -1.80  73   0.025641  0.036467  0.165762
 -1.80  75   0.040862  0.041469  0.156311
 -1.80  55   0.034204  0.036002  0.167738
 -1.80  74   0.038864  0.027692  0.198422
 -1.80  68   0.035359  0.043241  0.180997
 -1.80  50   0.042289  0.031200  0.155119
 -1.80  52   0.040271  0.045439  0.208926
 -1.80  73   0.033585  0.045362  0.167896
 -1.80  48   0.043505  0.014829  0.196424
 -1.80  48   0.038674  0.045122  0.169231
 -1.80  60   0.043449  0.046000  0.204558
 -1.80  67   0.029502  0.026510  0.151303
 -1.80  71   0.033694  0.031539  0.164146
 -1.80  61   0.035611  0.044805  0.154906
 -1.80  79   0.041386  0.004995  0.168151
 -1.80  65   0.043652  0.027778  0.163753
 -1.80  61   0.035294  0.005426  0.174788
 -1.80  54   0.035887  0.045439  0.216269
 -1.80  58   0.031876  0.029644  0.160923
 -1.80  82   0.033525  0.030900  0.156619
 -1.80  84   0.028000  0.024936  0.154783
 -1.80  73   0.038193  0.006859  0.176805
 -1.80  72   0.034914  0.017767  0.175113
 -1.80  64   0.041115  0.020989  0.170335
 -1.80  65   0.033012  0.031680  0.182320
 -1.80  58   0.034134  0.014194  0.161131
 -1.60  64   0.028834  0.033282  0.168156
 -1.80  58   0.023569  0.048613  0.154295
 -1.80  58   0.037649  0.036694  0.186034
 -1.67  51   0.033665  0.032734  0.183861
 -1.58  64   0.030624  0.035170  0.150013
 -1.80  53   0.040895  0.038205  0.184789
 -1.80  55   0.043478  0.048692  0.177247
 -1.80  54   0.036086  0.045689  0.183661
 -1.48  52   0.022304  0.025579  0.168399
 -1.59  54   0.033870  0.040496  0.161769
 -1.63  44   0.039888  0.049203  0.173743
 -1.57  50   0.043417  0.041726  0.154182
 -1.27  52   0.040707  0.045226  0.180372
 -1.29  81   0.026380  0.035844  0.152244
 -1.33  71   0.028128  0.044501  0.171901
 -1.13  77   0.028348  0.025490  0.171436
 -0.97  61   0.028492  0.044103  0.182217
 -1.62  55   0.042254  0.045279  0.178496
 -1.28  71   0.036757  0.026051  0.166716
 -1.36  52   0.037491  0.047789  0.169518
 -1.75  40   0.044568  0.046560  0.171498
 -1.80  47   0.033779  0.047739  0.155196
 -1.80  51   0.040494  0.049303  0.194236
 -1.80  53   0.042396  0.035254  0.171952
 -1.80  54   0.030230  0.047223  0.154231
 -0.86  50   0.026901  0.048871  0.160444
 -0.74  43   0.036585  0.014260  0.162121
  0.15  35   0.039324  0.014009  0.184552
  0.19  37   0.040532  0.044974  0.150088
  1.08  50   0.023039  0.028140  0.153185
  0.92  46   0.039923  0.029070  0.203075
  0.93  63   0.027753  0.038371  0.177273
  1.36  52   0.033253  0.024703  0.165013
  1.37  21   0.039519  0.036779  0.156111
  1.40  36   0.027778  0.026696  0.197800
  1.49  61   0.028914  0.007455  0.162624
  1.64  32   0.026549  0.034523  0.163710
  2.67  59   0.021332  0.035632  0.153275
  2.65  34   0.028836  0.037736  0.188083
  2.32  27   0.038846  0.027687  0.226799
 -1.74  82   0.032415  0.043780  0.157176
 -1.75  84   0.040926  0.048712  0.160158
 -1.80  88   0.036212  0.017604  0.156920
 -1.80  98   0.032545  0.029576  0.152741
 -1.80  87   0.033399  0.010629  0.160819
 -1.80  93   0.034072  0.013055  0.170244
 -1.80  95   0.034921  0.023079  0.175136
 -1.80  87   0.035829  0.021000  0.150411
 -1.80  99   0.033994  0.041596  0.151530
 -1.80  88   0.017933  0.007480  0.157509
 -1.80  73   0.030904  0.037454  0.161638
 -1.80  64   0.028701  0.035008  0.155006
 -1.80  74   0.024656  0.031872  0.157295
 -1.80  54   0.031193  0.043478  0.156774
 -1.80  54   0.041972  0.037483  0.204426
 -1.80  54   0.038657  0.035294  0.187901
 -1.80  69   0.041585  0.048080  0.195089
 -1.80  63   0.035029  0.040872  0.153394
 -1.80  78   0.030094  0.037935  0.171842
 -1.80  58   0.042941  0.039642  0.212104
 -1.80  60   0.034336  0.046505  0.156806
 -1.80  58   0.028620  0.022805  0.151275
 -1.80  58   0.034856  0.024598  0.173017
 -1.80  59   0.038239 -0.004539  0.156075
 -1.80  77   0.040407  0.018341  0.159203
 -1.80  60   0.031423  0.026625  0.157105
 -1.80  75   0.024984  0.023733  0.154914
 -1.80  60   0.041912  0.044727  0.202725
 -1.80  71   0.041633  0.005297  0.152695
 -1.80  75   0.028459  0.018831  0.166900
 -1.80  54   0.042341  0.048562  0.191377
 -1.80  54   0.031250  0.018705  0.153426
 -1.80 100   0.032005  0.044611  0.173538
 -1.80  99   0.035947  0.042990  0.185946
 -1.80  97   0.032697  0.048624  0.151640
 -1.76  93   0.038774  0.020521  0.202693
 -1.76 100   0.043314  0.046393  0.177233
 -1.75  70   0.042206  0.037620  0.255161
 -1.75  73   0.034022  0.021893  0.209677
 -1.76  76   0.033603  0.019880  0.152755
 -1.78  98   0.043609  0.045045  0.216749
 -1.80  80   0.034560  0.047567  0.159427
 -1.80  97   0.023622  0.048929  0.157845
 -1.80  99   0.024757  0.031492  0.167616
 -1.80  95   0.029933  0.043827  0.178844
 -1.80  90   0.028571  0.043657  0.165644
  0.98  53   0.038136  0.031098  0.163904
  2.17  18   0.038172  0.042175  0.181409
  0.33  28   0.038608  0.025627  0.159895
  0.44  62   0.042456  0.018742  0.161327
  0.63  16   0.043273  0.012158  0.161939
 -0.35  83   0.043623  0.039144  0.272727
 -0.36  82   0.026409  0.026144  0.165266
 -0.14  57   0.032631 -0.005704  0.198565
 -0.14  60   0.041889 -0.010377  0.187798
 -0.40  78   0.037519  0.025426  0.216639
 -0.06  55   0.042413  0.037879  0.181965
 -0.42  71   0.041016  0.026116  0.250763
 -0.47  61   0.039919  0.032454  0.234145
 -0.54  76   0.020705  0.047878  0.169435
 -0.60  66   0.034289  0.028231  0.238259
 -0.68  64   0.030621  0.034282  0.199229
 -0.70  57   0.042396  0.017265  0.271004
 -0.79  36   0.036753  0.029308  0.239465
 -0.86  45   0.039310  0.025292  0.238409
 -0.90  52   0.029062  0.041268  0.170097
  0.71  58   0.039062  0.002606  0.166304
  0.81  46   0.043353  0.031881  0.187132
  0.33  41   0.038438  0.041604  0.191414
 -1.58  53   0.043071  0.036294  0.159114
 -1.59  53   0.035072  0.032792  0.162446
 -1.60  52   0.042228  0.032375  0.150146
 -1.80  51   0.023323  0.042889  0.151151
 -1.80  63   0.038658  0.012619  0.155790
 -1.80  45   0.026291  0.048943  0.153763
 -1.80  46   0.031299  0.049038  0.162155
 -1.80  66   0.039662  0.037158  0.152610
 -1.80  56   0.034036  0.019414  0.189116
 -1.80  68   0.036189  0.049527  0.232804
 -1.80  46   0.039826  0.048780  0.218621
 -1.80  67   0.030861  0.048091  0.153667
 -1.80  61   0.034780  0.011533  0.152168
 -1.80  61   0.036033  0.028058  0.195594
 -1.80  75   0.036902  0.032772  0.158764
 -1.80  57   0.042847  0.043838  0.174367
 -1.80  64   0.031462  0.047908  0.157951
 -1.80  59   0.030742  0.042407  0.154994
 -1.80  62   0.029780  0.045974  0.150235
 -1.80  82   0.022082  0.028767  0.160099
 -1.80  75   0.023810  0.033127  0.167110
 -1.80  53   0.034801  0.035396  0.153431
 -1.80  74   0.030085  0.038885  0.164507
 -1.80  73   0.040573  0.020877  0.206206
 -1.80  71   0.042591  0.048951  0.191679
 -1.80  48   0.043559  0.016005  0.182012
 -1.80  54   0.042809  0.020794  0.154286
 -1.80  48   0.040291  0.024030  0.172846
 -1.80  66   0.031925  0.017587  0.167582
 -1.80  64   0.026038  0.047879  0.154240
 -1.80  65   0.027060  0.030848  0.157511
 -1.80  57   0.031633  0.037536  0.150382
 -1.80  58   0.031782  0.031160  0.158012
 -1.80  77   0.033478  0.029869  0.153867
 -1.80  76   0.040784 -0.003971  0.165567
 -1.80  72   0.042976  0.044202  0.172720
 -1.80  67   0.032910  0.045659  0.176242
 -1.80  64   0.038244  0.018996  0.152403
 -1.80  62   0.040359  0.041020  0.155178
 -1.80  62   0.029385  0.048976  0.173161
 -1.80  62   0.034761  0.001605  0.169559
 -1.80  53   0.034106  0.039023  0.219189
 -1.80  56   0.038040  0.031483  0.154195
 -1.80  56   0.030061  0.049880  0.158819
 -1.80  78   0.040026  0.016011  0.186880
 -1.80  54   0.042883  0.044604  0.224526
 -1.80  69   0.031126  0.025316  0.198576
 -1.80  66   0.038475  0.034860  0.151952
 -1.80  63   0.043478  0.022399  0.194163
 -1.80  67   0.040609  0.039216  0.208969
 -1.80  59   0.040796  0.036642  0.153891
 -1.80  58   0.030880  0.042519  0.176897
 -1.79  52   0.040583  0.034555  0.173588
 -1.67  49   0.033188  0.045981  0.153010
 -1.80  55   0.031464  0.044534  0.193851
 -1.67  50   0.036137  0.032322  0.189279
 -1.62  53   0.023299  0.030826  0.179541
 -1.68  44   0.029762  0.048947  0.155197
 -1.34  52   0.032407  0.040026  0.167568
 -1.67  67   0.029262  0.030496  0.197476
 -1.62  76   0.035584  0.044481  0.179864
 -1.67  68   0.034529  0.038995  0.189972
 -1.64  54   0.035302  0.049180  0.170703
 -1.28  49   0.032787  0.045822  0.152857
 -1.66  67   0.028886  0.049798  0.181686
 -1.38  64   0.027389  0.049093  0.189038
 -1.39  67   0.019619  0.038751  0.155730
 -1.12  62   0.032058  0.046196  0.186559
 -1.46  72   0.033225  0.045966  0.172106
 -1.69  57   0.044300 -0.005139  0.197484
 -1.69  59   0.037383  0.003455  0.158448
 -1.63  47   0.023914 -0.002262  0.171474
 -1.59  47   0.029300  0.034955  0.197721
 -1.56  51   0.031425  0.044108  0.166967
 -1.53  52   0.041304  0.049944  0.174551
 -1.28  71   0.038248  0.042575  0.154904
 -1.38  54   0.041196  0.040846  0.182468
 -1.48  58   0.030648  0.029114  0.154821
 -1.41  61   0.042011  0.025910  0.168808
 -1.34  57   0.042980  0.030127  0.214810
 -1.80  49   0.039117  0.048974  0.165990
 -1.43  59   0.037483  0.044836  0.160292
 -1.31  53   0.039146  0.024919  0.205882
 -1.80  47   0.043732  0.043422  0.180228
 -0.87  42   0.032258  0.047037  0.156301
 -1.24  62   0.043279  0.048271  0.174540
 -1.24  63   0.043603  0.048516  0.151870
 -1.80  58   0.031488  0.035676  0.151285
 -1.80  95   0.034623  0.045729  0.172569
 -1.80  95   0.035416  0.036526  0.173044
 -1.80  95   0.034775  0.049151  0.151290
 -1.60  94   0.035253  0.036102  0.164589
 -1.80  67   0.042486  0.045480  0.177566
 -1.80  63   0.035313  0.048596  0.154713
 -1.66  37   0.040522  0.042495  0.177267
 -1.66  68   0.031695  0.022846  0.190154
 -1.66  56   0.029412  0.030679  0.150943
 -1.61  41   0.029335  0.048258  0.192954
 -1.58  35   0.033465  0.045487  0.178593
 -1.68  50   0.024805  0.046195  0.202335
 -1.68  52   0.016785  0.044542  0.163417
 -1.66  80   0.031399  0.045625  0.164889
 -1.80  78   0.021956  0.027778  0.153296
 -1.80  92   0.025543 -0.002796  0.152646
 -1.80  88   0.015971 -0.000570  0.161213
 -1.73  76   0.020740  0.032401  0.158883
 -1.72  74   0.018969  0.041413  0.158617
 -1.75  68   0.025641  0.046764  0.199896
 -1.67  54   0.028717  0.032730  0.156787
 -1.80  53   0.029557  0.046005  0.192002
 -1.80  62   0.022032  0.042309  0.158750
 -1.68  53   0.032662  0.047228  0.171429
 -1.80  56   0.043659  0.040667  0.230984
 -1.80  61   0.032099  0.041272  0.165957
 -1.80  60   0.041364  0.046898  0.203737
 -1.80  63   0.020035  0.040115  0.156480
 -1.80  72   0.024078  0.038150  0.174955
 -1.80  69   0.020306  0.042735  0.165957
 -1.80  50   0.025390  0.034545  0.165750
 -1.80  68   0.022749  0.045067  0.166179
 -1.80  54   0.022676  0.049984  0.156560
 -1.80  49   0.018537  0.045843  0.166989
 -1.80  59   0.031108  0.048918  0.156677
 -1.80  54   0.044158  0.046102  0.180070
 -1.80  54   0.042714  0.037271  0.151211
 -1.80  70   0.040671  0.030659  0.176731
 -1.80  49   0.041317  0.035714  0.173623
 -1.80  58   0.040502  0.047975  0.160901
 -1.80  87   0.030011  0.045682  0.152819
 -1.80  70   0.037012  0.030759  0.164408
 -1.80  57   0.033072  0.041568  0.165637
 -1.80  73   0.034483  0.023147  0.186137
 -1.80  75   0.038194  0.035851  0.211051
 -1.80  45   0.026614  0.046163  0.156416
 -1.80  69   0.034554  0.045654  0.164099
 -1.80  59   0.035309  0.028147  0.162357
 -1.80  60   0.034483  0.040822  0.180688
 -1.80  67   0.036850  0.040477  0.151734
 -1.80  56   0.030622  0.033014  0.155256
 -1.80  57   0.037533  0.040748  0.217439
 -1.80  66   0.034039  0.003795  0.167548
 -1.80  63   0.036666  0.013479  0.152234
 -1.80  64   0.038624  0.024581  0.201051
 -1.80  84   0.022862  0.024789  0.152717
 -1.80  76   0.043791  0.004084  0.173913
 -1.80  48   0.027027  0.030683  0.155252
 -1.80  58   0.026594  0.038912  0.155877
 -1.80  65   0.035127  0.034505  0.152322
 -1.80  57   0.039895  0.028458  0.202607
 -1.80  58   0.020625  0.036242  0.158694
 -1.80  50   0.035870  0.045470  0.222282
 -1.80  53   0.039645  0.045192  0.187156
 -1.80  56   0.035924  0.047127  0.160410
 -1.80  73   0.026712  0.024015  0.151044
 -1.80  57   0.025913  0.033158  0.155158
 -1.80  54   0.044862  0.048991  0.223301
 -1.80  82   0.030162  0.035914  0.158954
 -1.80  84   0.031071  0.022520  0.162233
 -1.80  83   0.029006  0.001448  0.171353
 -1.80  73   0.035785  0.001715  0.181435
 -1.80  71   0.032534  0.026133  0.162208
 -1.80  65   0.041525  0.019499  0.181633
 -1.80  66   0.030403  0.037086  0.162910
 -1.80  72   0.038354  0.027161  0.227451
 -1.80  69   0.036376  0.035052  0.169231
 -1.80  66   0.041196  0.034862  0.202547
 -1.80  66   0.032391  0.035052  0.189142
 -1.80  57   0.032905  0.022180  0.157521
 -1.80  56   0.035054  0.023856  0.175381
 -1.80  55   0.039806  0.029731  0.221879
 -1.80  50   0.044065  0.047788  0.192677
 -1.67  49   0.029574  0.048742  0.156020
 -1.76  47   0.043785  0.044460  0.188493
 -1.57  47   0.044817  0.043180  0.223366
 -1.80  48   0.034110  0.048570  0.178161
 -1.57  49   0.031660  0.031660  0.167903
 -1.66  53   0.021302  0.035287  0.151577
 -1.37  56   0.030810  0.049277  0.153058
 -1.42  45   0.029089  0.039642  0.197435
 -1.55  45   0.030810  0.030810  0.167434
 -1.55  51   0.042330  0.020097  0.156828
 -1.64  52   0.042455  0.048901  0.216121
 -1.64  54   0.032564  0.019931  0.206897
 -1.62  48   0.041594  0.049237  0.200117
 -1.64  51   0.032213  0.045439  0.188027
 -1.69  57   0.035330 -0.002234  0.157273
 -1.64  75   0.032238  0.045018  0.165705
 -1.69  59   0.041196  0.007224  0.162507
 -1.67  57   0.031020  0.033801  0.150547
 -1.10  68   0.038338  0.047551  0.246279
 -1.63  45   0.025316  0.009009  0.170705
 -0.90  55   0.038979  0.035986  0.193399
 -1.58  46   0.037547  0.041509  0.199656
 -1.38  54   0.037523  0.042754  0.188824
 -1.36  58   0.029846  0.047491  0.164303
 -1.80  55   0.040769  0.045200  0.166235
 -1.47  58   0.023491  0.034118  0.163312
 -1.46  60   0.022502  0.045135  0.162683
 -1.33  55   0.036593  0.043593  0.174929
 -1.50  59   0.033282  0.025846  0.154606
 -1.34  57   0.044179  0.048184  0.217341
 -1.78  45   0.042695  0.042695  0.166182
 -1.80  54   0.043744  0.046331  0.165434
 -1.19  39   0.043478  0.030464  0.154283
 -1.24  53   0.037333  0.040613  0.154655
 -1.80  93   0.043231  0.000541  0.150540
 -1.80  46   0.042166  0.048358  0.152074
 -1.67  20   0.039768  0.041535  0.160681
 -1.65  49   0.043135  0.038584  0.163293
 -1.55  43   0.040816  0.049467  0.162331
 -1.80  77   0.044500  0.026518  0.151801
 -1.80  65   0.043787  0.042370  0.167010
 -1.80  99   0.044038  0.045332  0.157109
 -1.80  44   0.043121  0.042794  0.230388
 -1.64  76   0.022063  0.035010  0.156379
 -1.80  56   0.024034  0.043530  0.167186
 -1.80  52   0.025070  0.040804  0.167987
 -1.80  43   0.024272  0.031617  0.161408
 -1.80  45   0.027270  0.036543  0.156372
 -1.80  79   0.017863  0.029525  0.157895
 -1.80  51   0.023789  0.038939  0.151047
 -1.80  48   0.021408  0.031233  0.155977
 -1.80  48   0.032589  0.018672  0.176893
 -1.80  52   0.032891  0.037457  0.160582
 -1.80  64   0.025812  0.023440  0.158888
 -1.80  83   0.025850  0.043627  0.158977
 -1.67  84   0.027058  0.032407  0.160432
 -1.67  84   0.031466  0.049120  0.161079
 -1.80  90   0.036857  0.026777  0.151369
 -1.80  93   0.030585  0.023188  0.154901
 -1.80  54   0.043478  0.034253  0.165517
 -1.80  73   0.039502  0.046619  0.177411
 -1.80  75   0.030615  0.039683  0.154691
 -1.80  58   0.034622  0.021065  0.170550
 -1.80  47   0.040286  0.017626  0.157444
 -1.80  46   0.036468  0.031511  0.158894
 -1.80  51   0.032916  0.038927  0.160091
 -1.80  53   0.042396  0.044325  0.154988
 -1.80  62   0.035976  0.037150  0.161718
 -1.80  53   0.033985  0.048014  0.161358
 -1.80  50   0.028739  0.049914  0.151639
 -1.80  53   0.030941  0.016023  0.167464
 -1.80  53   0.037967  0.005514  0.160920
 -1.80  59   0.030765  0.013785  0.155435
 -1.80  69   0.040167  0.000929  0.178089
 -1.80  80   0.044519  0.010375  0.162235
 -1.80  61   0.039950  0.045273  0.158523
 -1.80  71   0.038111  0.047324  0.166379
 -1.80  73   0.042449  0.046030  0.166625
 -1.80  82   0.032366  0.024473  0.151871
 -1.80  81   0.032841  0.026683  0.161223
 -1.80  79   0.033517  0.035107  0.150036
 -1.80  79   0.043172  0.035461  0.152888
 -1.80  81   0.033172  0.037820  0.170947
 -1.80  93   0.038844  0.045455  0.175620
 -1.80  91   0.039317  0.046870  0.189717
 -1.80  83   0.042714  0.042134  0.196950
 -1.80  73   0.040000  0.011152  0.207940
 -1.80  63   0.034685  0.017943  0.167976
 -1.80  92   0.038847  0.033396  0.167661
 -1.80  63   0.039429  0.034332  0.163558
 -1.80  60   0.035385  0.018160  0.159803
 -1.80  62   0.033372  0.039726  0.157684
 -1.77  92   0.032927  0.028484  0.181208
 -1.76  93   0.030637  0.021040  0.191000
 -1.75  73   0.031716  0.041551  0.204598
 -1.75  75   0.039799  0.038594  0.200418
 -1.76  79   0.032853  0.019573  0.171153
 -1.76  85   0.029933  0.047646  0.178642
 -1.76  87   0.039132  0.040394  0.229024
 -1.76  91   0.034260  0.042308  0.224299
 -1.74  77   0.034785  0.048208  0.169139
 -1.75  85   0.037517  0.032568  0.242009
 -1.80  93   0.023929  0.045914  0.169014
 -1.80  92   0.030596  0.048723  0.157649
 -1.73  71   0.028235  0.042319  0.156066
 -1.71  66   0.026436  0.049540  0.153948
 -1.68  78   0.029174  0.037538  0.167421
 -1.70  76   0.036184  0.047774  0.180878
 -1.70  77   0.031643  0.048161  0.178406
 -1.80  81   0.039275  0.023641  0.193507
 -1.80  85   0.040470  0.034204  0.203181
 -1.80  87   0.037364  0.020359  0.158869
 -1.80  68   0.032885  0.048128  0.170468
 -1.80  97   0.037409  0.040890  0.150320
 -1.80  76   0.034282  0.044553  0.183894
 -1.76  70   0.037672  0.048455  0.152871
 -1.76  79   0.034299  0.048923  0.165986
 -1.80  87   0.035156  0.033808  0.168750
 -1.76  81   0.032518  0.047115  0.155722
 -1.68  67   0.033592  0.036910  0.166006
 -1.69  64   0.037059  0.018149  0.158378
 -1.59  52   0.038559  0.045198  0.174267
 -1.59  54   0.044395  0.048649  0.196994
 -1.56  61   0.040383  0.040096  0.177647
 -1.58  53   0.036562  0.021265  0.159484
 -1.59  53   0.042245  0.044503  0.179656
 -1.63  62   0.036058  0.029643  0.167186
 -1.65  59   0.044375  0.027354  0.206127
 -1.64  65   0.037165  0.016480  0.171952
 -1.64  58   0.042857  0.024992  0.195510
 -1.63  61   0.038062  0.009715  0.175074
 -1.59  62   0.036999  0.046619  0.154667
 -1.63  62   0.043367  0.020120  0.155596
 -1.65  77   0.043723  0.000000  0.157658
 -1.65  73   0.037988  0.016273  0.151076
 -1.80  75   0.031560  0.046331  0.150692
 -1.80  69   0.035412  0.049120  0.169231
 -1.80  65   0.027685  0.035315  0.171162
 -1.80  89   0.041007  0.048382  0.157686
 -1.80  69   0.037398  0.010364  0.169938
 -1.80  66   0.044569  0.014641  0.185706
 -1.80  49   0.042381  0.038649  0.175717
 -1.80  87   0.031215  0.048495  0.154951
 -1.80  70   0.038121  0.033846  0.166618
 -1.80  57   0.034176  0.044625  0.167599
 -1.80  73   0.035560  0.025848  0.188252
 -1.80  68   0.039483  0.045649  0.150206
 -1.80  75   0.039332  0.038663  0.213451
 -1.80  45   0.027590  0.048876  0.158397
 -1.80  69   0.035665  0.048393  0.166074
 -1.80  59   0.036308  0.030641  0.164354
 -1.80  60   0.035138  0.043404  0.182727
 -1.80  67   0.037879  0.043014  0.153803
 -1.80  56   0.031618  0.035802  0.157270
 -1.80  57   0.038629  0.043769  0.219525
 -1.80  66   0.035034  0.006643  0.169532
 -1.80  63   0.037688  0.016057  0.154292
 -1.80  64   0.039775  0.027451  0.203271
 -1.80  84   0.023756  0.027332  0.154750
 -1.80  65   0.030568  0.035681  0.150355
 -1.80  63   0.033077  0.028487  0.158138
 -1.80  90   0.022034  0.025564  0.158878
 -1.80  84   0.023604  0.030857  0.172481
 -1.80  69   0.033377  0.020557  0.166008
 -1.80  76   0.038498  0.005267  0.230260
 -1.41  52   0.018502  0.021090  0.164291
 -1.38  45   0.029855  0.036659  0.154212
 -1.51  30   0.043201  0.047250  0.193433
 -1.80  73   0.043700  0.013491  0.220691
 -1.23  44   0.035536  0.038729  0.180356
 -1.80  61   0.029138  0.048603  0.151679
 -1.25  51   0.042591  0.031684  0.183918
 -1.65  58   0.042807  0.030906  0.224118
 -1.64  54   0.040526  0.024991  0.189110
 -0.90  63   0.027287  0.041443  0.155518
 -1.18  45   0.041844  0.035689  0.273265
 -1.04  76   0.042064  0.049790  0.249307
 -0.96  57   0.035419  0.041763  0.197908
 -0.90  55   0.031992  0.035962  0.153931
 -1.69  58   0.032819 -0.004679  0.153716
 -1.67  55   0.035393 -0.006040  0.206878
 -1.36  52   0.037298  0.031161  0.176400
 -1.58  46   0.029100  0.043830  0.168816
 -1.64  57   0.026698  0.049191  0.191692
 -1.33  50   0.041191  0.048437  0.177309
 -1.80  46   0.037468  0.049745  0.173370
 -1.47  58   0.021652  0.035935  0.156887
 -1.46  60   0.021902  0.036343  0.154038
 -1.49  58   0.037288  0.026488  0.170913
 -1.27  81   0.044669  0.043530  0.157120
 -1.33  90   0.042057  0.024646  0.177021
 -1.47  67   0.037536  0.035038  0.159584
 -1.77  57   0.032473  0.004372  0.177715
 -1.52  62   0.032914  0.034071  0.154812
 -1.56  62   0.036386  0.022279  0.166576
 -1.51  70   0.035176  0.012219  0.159507
  0.12  68   0.038954  0.039210  0.163104
 -1.16  92   0.033192  0.041889  0.150760
 -1.26  88   0.040528  0.035607  0.167058
 -1.21  87   0.039337  0.043017  0.156364
 -1.18  88   0.039086  0.043972  0.178617
 -1.19  80   0.035414  0.035414  0.161492
 -1.17  80   0.040172  0.040172  0.151071
 -1.54  60   0.039326  0.048237  0.163360
  1.29  25   0.043950  0.033726  0.157945
 -1.70  67   0.034940 -0.026265  0.158834
 -1.64  55   0.044060 -0.010276  0.170359
 -1.69  64   0.032499  0.035550  0.155622
 -1.78  72   0.032668  0.030426  0.157179
 -1.69  76   0.043365  0.027188  0.192181
 -1.80  78   0.039103  0.043163  0.157363
 -1.68  71   0.034888  0.034573  0.190815
 -1.80  45   0.039949  0.047499  0.158655
 -1.65  93   0.044719  0.029952  0.171389
 -1.69  82   0.033435  0.030783  0.158285
 -1.74  47   0.037844  0.013350  0.169150
 -1.74  77   0.042006  0.009428  0.161106
 -1.32  70   0.038712  0.047853  0.180137
 -1.33  67   0.038838  0.043970  0.193215
 -1.34  61   0.033258  0.048315  0.160874
 -1.34  54   0.041451  0.028234  0.157655
  1.00  71   0.038104 -0.008811  0.155649
  1.50  50   0.034712  0.006832  0.173430
 -0.72  71   0.044564 -0.008690  0.181818
  0.92  65   0.041413  0.035539  0.160981
  1.72  22   0.036297  0.029836  0.152562
  0.89  23   0.038098  0.015005  0.247389
  1.08  17   0.020211  0.015446  0.183393
  1.20  25   0.029727  0.034891  0.194273
 -1.69  72   0.029491  0.028333  0.173306
 -1.66  71   0.030746  0.023912  0.171265
 -1.80  89   0.042755  0.006165  0.155358
 -1.66  84   0.030428  0.020883  0.156515
 -1.80  80   0.028678  0.010480  0.178920
 -1.73 100   0.031915  0.040590  0.156431
 -1.80  76   0.027602  0.023390  0.155345
 -1.80  85   0.024499  0.042473  0.165714
 -1.80  93   0.041455  0.022368  0.160852
 -1.80  95   0.040368  0.023704  0.160066
 -1.80  97   0.036841  0.034279  0.150507
 -1.80  62   0.031553  0.025641  0.150612
 -1.80  97   0.027922  0.044366  0.157095
 -1.80  90   0.026066  0.029636  0.162226
 -1.80  86   0.027027  0.041452  0.150670
 -1.80 100   0.036995  0.033143  0.154845
 -1.80  73   0.039569  0.041633  0.153499
 -1.80  76   0.036353  0.038359  0.156274
 -1.80  49   0.029193  0.047459  0.158104
 -1.80  47   0.032277  0.049264  0.167163
 -1.80  46   0.040976  0.049302  0.183054
 -1.80  46   0.035331  0.047055  0.187135
 -1.80  46   0.039610  0.046114  0.186692
 -1.80  47   0.034791  0.043946  0.162559
 -1.80  49   0.034112  0.038365  0.168570
 -1.80  50   0.038474  0.039375  0.160339
 -1.80  88   0.042188  0.014076  0.168267
 -1.79  76   0.043825  0.039488  0.164733
 -1.80  95   0.044759  0.022170  0.176705
 -1.80  93   0.043407  0.029002  0.168378
 -1.80  98   0.043212  0.012090  0.171415
 -1.80 100   0.042576  0.017367  0.154087
 -1.80  76   0.044469  0.023823  0.177980
 -1.80  56   0.044157  0.042720  0.178627
 -1.80  45   0.041754  0.043765  0.172289
 -1.80  82   0.024390  0.046125  0.173239
 -1.80  81   0.024684  0.043154  0.167702
 -1.80  76   0.035076  0.048814  0.182163
 -1.80  76   0.025624  0.048716  0.170017
 -1.80  81   0.020046  0.042082  0.151636
 -1.80  81   0.040021  0.027830  0.156587
 -1.80  73   0.042913  0.040667  0.162875
 -1.80  79   0.040043  0.011621  0.168335
 -1.80  60   0.039604  0.013037  0.168720
 -1.80  58   0.038802  0.007571  0.175792
 -1.80  50   0.039702  0.021801  0.155022
 -1.80  52   0.038985  0.036947  0.159619
 -1.80  54   0.029896  0.041880  0.157616
 -1.80  63   0.028406 -0.000597  0.160110
 -1.80  54   0.038043  0.019994  0.173326
 -1.80  74   0.033374  0.031022  0.186622
 -1.80  72   0.042903  0.043409  0.160901
 -1.80  76   0.044262  0.012980  0.151177
 -1.80  71   0.038982  0.007548  0.163328
 -1.80  63   0.042631  0.033805  0.152789
 -1.80  59   0.042724  0.038557  0.153341
 -1.80  78   0.041159  0.032237  0.175304
 -1.80  71   0.037355  0.030948  0.166571
 -1.80  69   0.037700  0.023346  0.155119
 -1.80  93   0.032348  0.037715  0.157767
 -1.80  83   0.042725  0.043297  0.194773
 -1.80  69   0.040621  0.025190  0.195995
 -1.80  94   0.039280  0.041006  0.167792
 -1.80  66   0.043397  0.032905  0.187039
 -1.80  63   0.032688  0.033857  0.150903
 -1.80  85   0.030928 -0.010459  0.150049
 -1.80  63   0.035260  0.040529  0.161517
 -1.60  54   0.032335  0.024449  0.184662
 -1.63  60   0.040345  0.022891  0.208132
 -1.58  55   0.030428  0.028707  0.187221
 -1.63  58   0.033413  0.042270  0.187563
 -1.61  65   0.029760  0.021847  0.150304
 -1.59  54   0.039776  0.039478  0.171804
 -1.63  54   0.042099  0.033846  0.188211
 -1.66  64   0.035597  0.041047  0.189135
 -1.66  64   0.030782  0.042945  0.160470
 -1.59  56   0.040248  0.049954  0.171787
 -1.80  57   0.041246  0.045650  0.191241
 -1.66  69   0.036131  0.037813  0.159339
 -1.80  74   0.042026  0.048383  0.182811
 -1.80  77   0.043677  0.044223  0.198181
 -1.80  85   0.043987  0.048490  0.181406
 -1.80  85   0.042017  0.031781  0.174685
 -1.80  90   0.035511  0.040453  0.165181
 -1.80  78   0.036295  0.046624  0.173135
 -1.80  58   0.034231  0.035043  0.158023
 -1.80  76   0.038255  0.049335  0.170619
 -1.79  54   0.043163  0.021919  0.181125
 -1.79  60   0.038954  0.043456  0.154748
 -1.78  56   0.043039 -0.003063  0.160764
 -1.80  71   0.042982  0.040109  0.152902
 -1.77  63   0.044985  0.046051  0.176980
 -1.76  65   0.039914  0.046088  0.158790
 -1.71  70   0.039655  0.040948  0.173822
 -1.73  70   0.039915  0.043985  0.171337
 -1.76  59   0.041127  0.044151  0.167748
 -1.53  72   0.038665  0.045040  0.180849
 -1.50  72   0.035874  0.008646  0.179781
 -1.48  79   0.040241  0.015721  0.162246
 -1.68  59   0.043139 -0.020178  0.159002
 -1.80  78   0.034829  0.045813  0.150870
 -1.80  72   0.035670  0.047966  0.160150
 -1.80  79   0.043507  0.037479  0.164171
 -1.80  86   0.035936  0.013003  0.218287
 -1.80  87   0.034835  0.034527  0.211694
 -1.80  88   0.036396  0.040404  0.192904
 -1.80  78   0.036290  0.035318  0.216179
 -1.80  79   0.034754  0.041979  0.225467
 -1.80  83   0.029777  0.044419  0.180264
 -1.80  74   0.034775  0.022057  0.156621
 -1.80  66   0.036051  0.017869  0.189071
 -1.80  65   0.036869  0.034684  0.166760
 -1.80  53   0.034319  0.036937  0.183568
 -1.80  73   0.039469  0.034071  0.156959
 -1.80  67   0.029565  0.049134  0.172516
 -1.80  50   0.023168  0.038521  0.155387
 -1.62  57   0.029549  0.045872  0.200410
 -1.54  52   0.032511  0.041741  0.159519
 -1.80  86   0.028222  0.048162  0.157629
 -1.80  80   0.031171  0.048801  0.152334
 -1.80  46   0.015249  0.048995  0.150733
 -1.80  24   0.031725  0.021049  0.219915
 -1.80  74   0.036342  0.034001  0.158646
 -1.80  58   0.034788  0.043529  0.183541
 -1.80  62   0.033343  0.027621  0.156479
 -1.80  76   0.039790  0.037574  0.176537
 -1.80  54   0.025720  0.041277  0.185356
 -1.80  67   0.037543  0.038855  0.191514
 -1.80  71   0.026485  0.049278  0.152427
 -1.80  74   0.028441  0.039370  0.160482
 -1.80  76   0.027012  0.038911  0.155349
 -1.80  82   0.026824  0.040932  0.152687
 -1.80  85   0.029132  0.035530  0.164142
 -1.80  57   0.026357  0.023328  0.163336
 -1.80  88   0.023095  0.048636  0.151242
 -1.80  59   0.038618  0.038292  0.168717
 -1.80  55   0.029948  0.032782  0.162215
 -1.80  66   0.040895  0.022096  0.175481
 -1.80  69   0.043691  0.049340  0.160994
 -1.80  71   0.018744  0.028857  0.152838
 -1.80  64   0.035195  0.042615  0.166295
 -1.80  59   0.033877  0.035088  0.159389
 -1.79  58   0.027823  0.044402  0.155530
 -1.57  50   0.036400  0.048988  0.198679
 -1.80  54   0.028609  0.018157  0.186176
 -1.80  56   0.039255  0.027937  0.192394
 -1.80  55   0.035594  0.029402  0.156782
 -1.79  52   0.038734  0.046123  0.215503
 -1.80  63   0.032542  0.033675  0.169184
 -1.80  63   0.034299  0.031722  0.159331
 -1.80  90   0.022961  0.028537  0.159563
 -1.80  84   0.024489  0.033676  0.173138
 -1.80  69   0.034392  0.023518  0.166761
 -1.80  76   0.039490  0.008221  0.231005
 -1.41  52   0.019112  0.023705  0.164956
 -1.38  45   0.030848  0.039796  0.154945
 -1.23  44   0.036569  0.041667  0.181125
 -1.25  51   0.043693  0.034507  0.184740
 -1.80  59   0.041730  0.033784  0.154755
 -1.80  61   0.041536  0.042439  0.164564
 -1.80  53   0.043931  0.043931  0.179100
 -1.80  78   0.044707  0.048549  0.157681
 -1.80  79   0.039702  0.045623  0.161430
 -1.80  78   0.034235  0.033920  0.177222
 -1.80  79   0.038734  0.031229  0.172754
 -1.80  68   0.039360  0.028012  0.178317
 -1.80  69   0.042483  0.034923  0.201307
 -1.80  94   0.043943  0.043943  0.201587
 -1.80  64   0.039490  0.037443  0.187564
 -1.80  94   0.038415  0.045292  0.168872
 -1.80  65   0.043723  0.032543  0.189947
 -1.80  54   0.038509  0.040298  0.156173
 -1.80  58   0.031012  0.049373  0.154321
 -1.80  62   0.039039  0.014006  0.171375
 -1.71  62   0.041272  0.036165  0.187618
 -1.73  81   0.044433  0.049521  0.159605
 -1.77  48   0.038683  0.019860  0.158703
 -1.80  53   0.043394  0.046482  0.153096
 -1.78  65   0.028193  0.025671  0.167160
 -1.77  64   0.034445  0.042100  0.163723
 -1.79  60   0.032572  0.026050  0.171749
 -1.79  56   0.041574  0.041574  0.160411
 -1.78  75   0.041655  0.047673  0.169943
 -1.78  73   0.034122  0.047490  0.150327
 -1.79  68   0.032652  0.045574  0.155112
 -1.78  61   0.035262  0.042123  0.155534
 -1.79  75   0.032773  0.037709  0.177412
 -1.80  77   0.036475  0.045665  0.193848
 -1.80  84   0.033599  0.049832  0.167321
 -1.80  89   0.044104  0.040072  0.179923
 -1.80  94   0.042584  0.045108  0.157187
 -1.80  52   0.026144  0.034818  0.150997
 -1.80  74   0.036841  0.018029  0.166752
 -1.80  30   0.043802  0.012512  0.208537
 -1.80  99   0.036374  0.039598  0.151515
 -1.80  66   0.042466  0.037927  0.168306
 -1.80  95   0.030503  0.033160  0.160400
 -1.80  88   0.041490 -0.008314  0.168055
 -1.80  90   0.041161 -0.003409  0.187657
 -1.80  88   0.038700  0.014238  0.200295
 -1.80  78   0.039462  0.032391  0.189842
 -1.80  79   0.037953  0.021065  0.173623
 -1.80  84   0.044350  0.021157  0.199898
 -1.80  75   0.043584  0.013828  0.208775
 -1.80  70   0.038897  0.031482  0.150284
 -1.80  65   0.027344  0.039405  0.150171
 -1.80  90   0.036856  0.043338  0.157021
  1.34  85   0.041359  0.013428  0.165094
 -1.68  91   0.027074  0.015447  0.152746
 -1.54  98   0.042892  0.045816  0.153846
 -1.08  60   0.037894  0.043978  0.164741
 -1.05  71   0.041956  0.042823  0.176012
 -1.02  76   0.029715  0.024390  0.182840
 -1.00  91   0.031148  0.002748  0.183296
 -1.01  64   0.043478  0.009770  0.235864
 -0.99  71   0.024086  0.022147  0.155675
 -0.97  72   0.027474  0.024881  0.170154
 -0.97  63   0.031230 -0.004627  0.189117
 -0.97  60   0.037111 -0.004494  0.202743
 -1.21  49   0.043960  0.043629  0.214448
 -1.40  77   0.041863  0.030430  0.159555
 -0.95  57   0.036483  0.000970  0.165767
 -0.95  53   0.036758  0.031280  0.155372
 -1.51  73   0.044506 -0.032967  0.156439
 -1.15  75   0.034808  0.042790  0.187176
 -1.06  67   0.034242  0.028129  0.172207
 -0.60  79   0.035119  0.012489  0.176948
 -0.57  69   0.042969  0.016722  0.205620
 -0.53  49   0.036168  0.017602  0.227878
 -0.64  49   0.036168 -0.018946  0.211620
 -1.80  67   0.025281  0.046703  0.155718
 -1.80  78   0.030981  0.046840  0.173679
 -1.80  74   0.033553  0.023016  0.192491
 -1.80  72   0.036756  0.029680  0.174500
 -1.80  92   0.031800  0.036723  0.167277
 -1.80  88   0.036358  0.027736  0.194067
 -1.80  83   0.041679  0.022650  0.204746
 -1.80  71   0.044282  0.021207  0.227202
 -1.80  58   0.041681  0.027740  0.247447
 -1.80  80   0.027344  0.028969  0.155728
 -1.80  81   0.028555  0.029663  0.165972
 -1.80  79   0.036992  0.041096  0.207348
 -1.80  57   0.034087  0.041719  0.200843
 -1.80  60   0.028977  0.035819  0.162245
 -1.80  52   0.044362  0.040789  0.235023
 -1.80  67   0.035588  0.027796  0.220119
 -1.80  72   0.035042  0.046183  0.222890
 -1.80  73   0.029254  0.045495  0.196044
 -1.80  63   0.034576  0.041723  0.239113
 -1.80  51   0.028804  0.047841  0.162723
 -1.80  68   0.042608  0.049054  0.234185
 -1.80  68   0.038355  0.020013  0.197850
 -1.80  72   0.024789  0.034921  0.154274
 -1.80  71   0.029250  0.041738  0.169680
 -1.80  54   0.032701  0.032068  0.161565
 -1.80  66   0.027567  0.009565  0.178608
 -1.80  61   0.025132  0.047301  0.155376
 -1.80  70   0.030721  0.035859  0.151715
 -1.80  75   0.041831  0.040458  0.180929
 -1.80  68   0.035225  0.042718  0.159420
 -1.80  68   0.040338  0.008070  0.198805
 -1.80  74   0.037730  0.015710  0.186795
 -1.80  77   0.026663  0.027557  0.150120
 -1.80  68   0.025657  0.027198  0.198332
 -1.80  61   0.029924  0.041585  0.207841
 -1.80  52   0.026498  0.015630  0.168866
 -1.80  66   0.021328  0.018937  0.152507
 -1.80  74   0.043353  0.030037  0.190214
 -1.80  67   0.039690  0.018470  0.150200
 -1.80  55   0.025000  0.042493  0.153118
 -1.72  52   0.035629  0.045668  0.191235
 -1.74  49   0.037243  0.042907  0.180687
 -1.80  59   0.030517  0.045239  0.157219
 -1.80  51   0.041951  0.037464  0.172499
 -1.80  76   0.026766  0.036398  0.156512
 -1.80  67   0.032566  0.033651  0.162779
 -1.80  63   0.041038  0.048788  0.187628
 -1.80  51   0.024681  0.024404  0.162077
 -1.80  74   0.025143  0.048522  0.157323
 -1.30  60   0.029987  0.022018  0.153824
 -1.18  58   0.035245  0.044490  0.174697
 -1.80  59   0.028620  0.028347  0.162757
 -1.80  64   0.035196  0.028411  0.157972
 -1.80  74   0.033294  0.023311  0.151500
 -1.80  78   0.029680  0.026820  0.153550
 -1.80  89   0.030657  0.039352  0.177199
 -1.80  91   0.029731  0.031669  0.177412
 -1.80  90   0.026257  0.020786  0.169407
 -1.80  80   0.025684  0.027027  0.160200
 -1.54  47   0.026815  0.043087  0.153824
 -1.80  82   0.028228  0.045428  0.150433
 -1.80  74   0.032336  0.038727  0.180865
 -1.80  74   0.025888  0.032297  0.162309
 -1.80  69   0.032020  0.010699  0.203244
 -1.80  69   0.042055  0.014205  0.237998
 -1.80  71   0.043726  0.011140  0.221161
 -1.80  72   0.030476  0.017605  0.162402
 -1.80  56   0.039088  0.039714  0.161932
 -1.80  60   0.027185  0.025476  0.177662
 -1.80  64   0.034146  0.041742  0.161905
 -1.80  78   0.035661  0.039976  0.169548
 -1.79  83   0.033609 -0.021502  0.167175
 -1.80  45   0.030568  0.038406  0.154393
 -1.80  51   0.041653  0.042291  0.169026
 -1.80  43   0.038426  0.046051  0.169411
 -1.78  52   0.044612  0.049180  0.163210
 -1.81  50   0.040482  0.047809  0.220016
 -1.33  51   0.035976  0.020311  0.159210
 -1.34  45   0.043785  0.049157  0.211874
 -1.61  50   0.031995  0.038030  0.170653
 -1.33  47   0.026103  0.033641  0.172150
 -0.96  57   0.034591  0.039424  0.150291
 -0.89  50   0.044962  0.041818  0.172590
 -1.67  67   0.023874  0.040689  0.151563
 -1.67  54   0.034009  0.014327  0.164372
 -1.67  60   0.041736 -0.010208  0.218197
 -1.46  66   0.042228  0.049787  0.172396
 -1.35  91   0.044758  0.004695  0.156946
 -1.46  66   0.040904  0.046434  0.170539
 -1.32  90   0.043905  0.016425  0.170706
 -1.35  91   0.043765  0.001877  0.155414
 -1.45  64   0.040409  0.031802  0.161685
 -1.28  66   0.034091  0.009709  0.178964
 -1.37  53   0.036070  0.049136  0.184776
 -1.32  54   0.033561  0.002886  0.152358
 -1.33  58   0.038925  0.049404  0.214085
 -1.30  59   0.042159  0.037614  0.169591
 -1.36  84   0.043445  0.049602  0.192407
 -1.33  74   0.033937  0.027206  0.170345
 -1.32  63   0.029988  0.036474  0.158705
 -1.77  67   0.023851  0.007981  0.152525
 -1.77  52   0.040856 -0.005097  0.162514
 -1.51  65   0.033245 -0.007975  0.161521
 -1.52  58   0.031955  0.027966  0.155499
 -1.56  56   0.038871  0.005837  0.154207
 -1.47  49   0.042409  0.035225  0.158942
 -0.71  25   0.035253  0.022910  0.155133
 -1.52  70   0.034842  0.016915  0.166010
 -1.79  65   0.037509  0.049948  0.165388
 -1.75  87   0.036850  0.046461  0.163795
 -1.73  81   0.038902  0.049774  0.162632
 -1.70  83   0.034137  0.008997  0.150413
 -1.72  33   0.042011  0.049858  0.182097
 -1.69  76   0.027410  0.008477  0.152442
 -1.66  78   0.041584  0.002747  0.193109
 -1.63  54   0.033253  0.012048  0.182724
 -1.71  49   0.040803  0.009365  0.217851
 -1.32  43   0.034463  0.020350  0.169985
 -1.30  52   0.036862  0.040822  0.190181
 -1.31  49   0.031136  0.049131  0.185318
 -1.25  53   0.042495  0.037788  0.207891
 -1.12  51   0.033545 -0.009668  0.165543
 -1.09  45   0.030217 -0.008299  0.165563
 -1.07  45   0.037522 -0.005601  0.181979
 -0.96  89   0.026632  0.000601  0.154335
 -1.32  18   0.044514 -0.011281  0.161947
  1.47  25   0.039146 -0.006596  0.180863
  0.74  28   0.035797  0.037532  0.150057
  0.58  38   0.035916 -0.028825  0.156802
  1.17  32   0.030149 -0.020708  0.156500
  1.67  43   0.029126 -0.049285  0.199029
  1.77  84   0.035930  0.011670  0.209682
  1.94  26   0.028107 -0.017009  0.186047
  1.21  84   0.032973  0.038172  0.184408
  1.39  91   0.030050  0.042806  0.166592
  1.37  23   0.030077  0.020430  0.153935
  1.37  17   0.039323  0.025755  0.183000
  1.37  64   0.038184  0.027012  0.152869
  1.14  84   0.031466  0.043939  0.158293
  1.36  37   0.044257  0.037362  0.163270
  1.21  56   0.039461  0.048726  0.153795
 -1.80  89   0.041655  0.044292  0.160464
 -1.79  65   0.037777  0.048305  0.161730
 -1.80  78   0.044817  0.018921  0.175214
 -1.80  75   0.038042  0.026649  0.159851
 -1.80  99   0.042559  0.046951  0.162438
 -1.80  71   0.038904  0.040744  0.169114
 -1.80 100   0.043771  0.049637  0.177408
 -1.80  97   0.038728  0.036221  0.151314
 -1.80  99   0.031948  0.035221  0.159961
 -1.80  97   0.036933  0.017694  0.153260
 -1.80 100   0.036939  0.041270  0.156425
 -1.80  59   0.040426  0.016626  0.156418
 -1.80  91   0.042594  0.014984  0.160280
 -1.80 100   0.022967  0.013370  0.150376
 -1.80 100   0.019032  0.022222  0.157993
 -1.80  75   0.040763  0.021816  0.155080
 -1.80  56   0.044004  0.036318  0.166027
 -1.80  53   0.033549  0.047840  0.158596
 -1.80  66   0.029043  0.029872  0.154476
 -1.80  47   0.037748  0.045427  0.153741
 -1.80  46   0.034947  0.045959  0.188242
 -1.80  47   0.034108  0.024985  0.153887
 -1.80  44   0.031646  0.044944  0.153058
 -1.80  49   0.035461  0.041026  0.180274
 -1.80  54   0.027847  0.015356  0.160342
 -1.80  56   0.032131  0.046512  0.165394
 -1.80  65   0.033623 -0.009385  0.152947
 -1.80  49   0.043187  0.049551  0.207432
 -1.80  72   0.043987  0.026920  0.168322
 -1.80  72   0.037814  0.006555  0.169407
 -1.80  68   0.043454  0.036702  0.186263
 -1.80  83   0.041744  0.006615  0.159123
 -1.30  67   0.025923  0.001563  0.151660
 -1.29  61   0.033063  0.033063  0.216940
 -1.19  60   0.031346 -0.037866  0.156543
 -1.50  59   0.040000  0.024590  0.177182
 -1.32  59   0.043268  0.031195  0.178115
 -1.38  60   0.043948  0.032799  0.243659
 -1.40  74   0.035702  0.033445  0.175699
 -1.33  74   0.037710  0.036700  0.161035
 -1.31  61   0.028324  0.028885  0.155913
 -1.37  60   0.031905  0.012093  0.177806
 -1.32  59   0.033805  0.047273  0.166269
 -1.51  76   0.038118  0.023874  0.156878
 -1.51  66   0.033513  0.000000  0.173913
 -1.80  66   0.042146  0.041621  0.161074
 -1.80  63   0.041067  0.040565  0.158016
 -1.79  79   0.041689 -0.001414  0.168624
 -1.80  69   0.029951  0.007815  0.171928
 -1.80  65   0.026241  0.025685  0.154113
 -1.80  65   0.035714  0.002463  0.182850
 -1.80  54   0.035800  0.002469  0.153927
 -1.80  64   0.043678  0.027469  0.172551
 -1.80  72   0.031637  0.014558  0.154659
 -1.80  86   0.034122  0.023644  0.152788
 -1.80  93   0.036995  0.002049  0.167074
 -1.80  62   0.040361  0.049806  0.151983
 -1.80  67   0.037386  0.020371  0.158301
 -1.80  68   0.037704  0.047354  0.160118
 -1.80  68   0.036130  0.020631  0.162646
 -1.80  72   0.041703  0.041424  0.158515
 -1.80  64   0.043083  0.046554  0.188995
 -1.80  74   0.042657  0.042931  0.175339
 -1.80  80   0.036369  0.039348  0.157921
 -1.80  79   0.044010  0.005722  0.190686
 -1.80  66   0.040486  0.034061  0.162967
 -1.80  65   0.042735  0.035591  0.156838
 -1.80  70   0.034205  0.030023  0.151515
 -1.80  64   0.031425  0.018761  0.159074
 -1.80  94   0.016367  0.011513  0.153720
 -1.80  97   0.027153  0.035042  0.188900
 -1.80  98   0.024009  0.027666  0.152048
 -1.80  85   0.029215  0.023868  0.171213
 -1.80  84   0.025594  0.023810  0.177892
 -1.80  88   0.021746  0.044444  0.181411
 -1.80  89   0.016526  0.032836  0.179747
 -1.80  89   0.019329  0.030181  0.177006
 -1.80  86   0.018679  0.040444  0.187742
 -1.80  87   0.019728  0.039973  0.192038
 -1.80  92   0.016135  0.026825  0.184173
 -1.80  90   0.016667  0.021762  0.183155
 -1.80  88   0.017580  0.019945  0.167397
 -1.80  94   0.025791  0.005684  0.167752
 -1.80  87   0.014696  0.029924  0.165252
 -1.80  90   0.010267  0.027572  0.164162
 -1.80  92   0.012098  0.019890  0.155687
 -1.55  78   0.025684  0.024606  0.152738
 -1.54  83   0.029512  0.046823  0.167883
 -1.55  86   0.032078  0.049315  0.167466
 -1.60  52   0.025738  0.039017  0.152486
 -1.60  57   0.036758  0.024047  0.188293
 -1.59  63   0.038242  0.028258  0.178249
 -1.58  68   0.031311  0.046632  0.158807
 -1.58  75   0.034521  0.044548  0.161228
 -1.57  70   0.031737  0.037365  0.163741
 -1.54  72   0.025289  0.044977  0.150862
 -1.54  68   0.029172  0.049414  0.178474
 -1.61  47   0.035639  0.049867  0.197608
 -1.54  58   0.036970  0.047845  0.185769
 -1.55  84   0.025945  0.041886  0.155088
 -1.55  74   0.036253  0.048765  0.197435
 -1.61  53   0.029913  0.034233  0.150135
 -1.60  47   0.035338  0.048027  0.175847
 -1.70  74   0.031380  0.040440  0.165550
 -1.70  81   0.039439  0.041958  0.177383
 -1.69  81   0.026241  0.029838  0.164464
 -1.70  88   0.035909  0.041964  0.171767
 -1.67  63   0.034884  0.049921  0.175497
 -1.70  56   0.036145  0.045402  0.197848
 -1.59  59   0.035866  0.012453  0.171369
 -1.57  58   0.029988  0.024645  0.170816
 -1.70  90   0.033811  0.033516  0.156607
 -1.55  69   0.030986  0.032893  0.165454
 -1.40  64   0.027011  0.049824  0.150419
 -1.35  73   0.025195  0.049153  0.150858
 -1.03  83   0.024253  0.039689  0.151753
 -0.86  69   0.029431  0.048306  0.200316
 -0.83  84   0.028963  0.048230  0.202558
 -0.81  68   0.035059  0.049128  0.231754
 -0.80  76   0.024503  0.040000  0.176642
 -0.79  69   0.034660  0.041733  0.210499
 -0.79  88   0.025316  0.044510  0.159468
 -0.78  64   0.036578  0.048669  0.189570
 -0.77  76   0.022841  0.046221  0.162569
 -0.76  77   0.027218  0.027218  0.157671
 -0.76  71   0.041047  0.038760  0.194201
  1.38  38   0.039976  0.012489  0.234836
  1.41  20   0.029526  0.034636  0.215845
  1.39  35   0.017120  0.045010  0.155709
  0.31  41   0.035714  0.024299  0.189441
 -0.01  71   0.035492  0.012432  0.206252
 -0.16  56   0.043175 -0.009039  0.205797
  0.17  71   0.033715  0.028909  0.181771
  0.72  60   0.033392 -0.010101  0.182764
  0.60  22   0.031658 -0.025531  0.171883
  0.89  56   0.043505 -0.023100  0.162969
  0.83  67   0.040835 -0.019915  0.195467
  0.67  32   0.041178 -0.011414  0.177623
  0.58  28   0.039694 -0.019033  0.184316
  1.14  93   0.035003 -0.004713  0.172788
  0.71  56   0.034909 -0.004825  0.153846
 -0.49  71   0.041078  0.021291  0.200214
 -0.63  71   0.041184  0.026780  0.215377
 -1.81  42   0.037619  0.048204  0.190424
 -1.35  35   0.041952  0.041667  0.157068
 -1.40  54   0.042378  0.045748  0.151057
 -1.42  58   0.036735  0.048977  0.186854
 -1.57  76   0.035430  0.031707  0.151076
 -1.80  63   0.034811  0.048680  0.186152
 -1.80  73   0.039296  0.035620  0.171053
 -1.80  77   0.039389  0.024769  0.166964
 -1.80  67   0.032634  0.019492  0.151329
 -1.59  51   0.044678  0.018893  0.163406
 -1.80  57   0.034728  0.048566  0.163795
 -1.80  58   0.032201  0.031915  0.155670
 -1.57  59   0.043449  0.040216  0.220209
 -1.60  41   0.042503  0.047039  0.177089
 -1.79  83   0.028252 -0.014128  0.172431
 -1.79  83   0.028245 -0.008734  0.157593
 -1.67  59   0.027692  0.015883  0.151450
 -1.80  63   0.039508  0.039819  0.173586
 -1.69  66   0.040080  0.019447  0.170323
 -1.80  69   0.041640  0.017083  0.177796
 -1.25  61   0.035225  0.013013  0.187586
 -1.38  55   0.025194  0.037174  0.181510
 -1.19  53   0.032899 -0.031105  0.156013
 -1.32  59   0.029430  0.035470  0.196267
 -1.38  60   0.028183  0.040614  0.194415
 -1.34  59   0.026702  0.044248  0.202625
 -1.33  74   0.029248  0.045532  0.158721
 -1.28  64   0.037594  0.044437  0.186933
 -1.35  62   0.030232  0.021617  0.154122
 -1.41  57   0.027962  0.036021  0.171295
 -1.32  63   0.038760  0.024902  0.169643
 -1.51  62   0.036294  0.006086  0.170013
 -1.51  76   0.033413  0.024977  0.164948
 -1.53  61   0.034648 -0.002481  0.167010
 -1.75  82   0.038119  0.037090  0.191617
 -1.75  87   0.030805  0.049383  0.193495
 -1.73  75   0.039387  0.044960  0.176618
 -1.74  84   0.034343  0.038552  0.177517
 -1.75  88   0.029270  0.002314  0.169053
 -1.76  85   0.036501  0.044399  0.160264
 -1.80  81   0.029528  0.049493  0.167841
 -1.80  99   0.032651  0.012429  0.156778
 -1.80  63   0.031537  0.033753  0.166338
 -1.80  80   0.040268  0.037626  0.194366
 -1.80  79   0.033918 -0.005478  0.168805
 -1.80  64   0.034264  0.049589  0.177740
 -1.80  78   0.039315  0.030400  0.167354
 -1.80  69   0.043106  0.023096  0.204372
 -1.80  67   0.043175  0.037983  0.152418
 -1.80  93   0.043663  0.039878  0.168249
 -1.80  53   0.044821  0.043373  0.181629
 -1.80  53   0.037383  0.046020  0.160255
 -1.80  84   0.041960  0.048662  0.150923
 -1.80  54   0.041756  0.031722  0.150270
 -1.80  65   0.044286  0.048412  0.175528
 -1.80  66   0.040276  0.036673  0.156511
 -1.80  57   0.038829  0.033291  0.165515
 -1.80  57   0.043025  0.042088  0.163771
 -1.80  95   0.040646  0.041395  0.162611
 -1.70  92   0.031215  0.011008  0.188688
 -1.73  98   0.039715  0.010385  0.210526
 -1.74  96   0.034464  0.016165  0.164299
 -1.57  85   0.038985  0.049895  0.217905
 -1.69  74   0.038118  0.039834  0.185783
 -1.74  93   0.038484  0.025210  0.205479
 -1.31  70   0.038005  0.048993  0.216250
 -1.34  78   0.041757  0.042645  0.226274
 -1.21  81   0.028282  0.045056  0.184204
 -1.80  91   0.041964  0.007394  0.185635
 -1.57  63   0.026205  0.036789  0.150442
 -0.85  50   0.037508  0.027803  0.177353
 -1.59  59   0.032583  0.028265  0.165773
 -0.85  54   0.042975  0.015674  0.152725
 -1.06  86   0.026796  0.047167  0.157037
 -1.07  94   0.034084  0.047133  0.190719
 -1.10 100   0.038674  0.039512  0.171013
 -1.62  68   0.034607  0.011402  0.160209
 -0.96  42   0.039640  0.025297  0.209003
 -1.78  69   0.033792  0.040932  0.163817
 -1.80  89   0.034357  0.037576  0.154870
 -0.77  89   0.029665  0.040307  0.152748
 -0.78  84   0.029592  0.049112  0.155256
 -1.80  57   0.040416 -0.007884  0.155488
 -0.76  64   0.031737  0.040071  0.194320
 -0.75  51   0.032200  0.048802  0.215610
 -0.78  57   0.037100  0.037375  0.191081
 -1.76  50   0.033268  0.035156  0.174308
 -0.78  76   0.025334  0.046771  0.174144
 -0.82  86   0.020960  0.049022  0.157370
 -0.80  72   0.030009  0.046484  0.201796
 -1.80  56   0.039119  0.013389  0.151050
 -1.67  63   0.025626  0.020833  0.172211
 -1.66  80   0.024709  0.039709  0.164274
 -0.87  68   0.034675  0.045023  0.210833
 -1.67  63   0.027719  0.021159  0.192103
 -1.66  74   0.028518  0.035099  0.209185
 -1.64  68   0.026532  0.037104  0.197990
 -1.62  74   0.027550  0.037703  0.179322
 -1.65  60   0.037402  0.046784  0.189279
 -1.62  64   0.039073  0.044452  0.248186
 -1.60  69   0.033935  0.034525  0.210197
 -1.58  66   0.024798  0.049688  0.154998
 -1.55  59   0.026747  0.047029  0.173828
 -1.53  61   0.037082  0.039418  0.202417
 -1.49  55   0.030493  0.039797  0.154362
 -1.47  61   0.033140  0.045350  0.172225
 -1.80  72   0.038043  0.020897  0.160474
 -1.68  46   0.039578  0.015329  0.182227
 -1.67  53   0.031724  0.039409  0.156047
 -1.80  73   0.038634  0.040072  0.164062
 -1.67  56   0.040894  0.045108  0.207198
 -1.67  54   0.034919  0.045936  0.171779
 -1.67  61   0.033775  0.035599  0.160957
 -1.68  87   0.037582  0.033898  0.165131
 -1.80  71   0.037496  0.017776  0.159144
 -1.68  97   0.038068  0.027291  0.176156
 -1.67  67   0.042269  0.042269  0.171119
 -1.80  82   0.039858  0.026056  0.150470
 -1.67  65   0.038715  0.044742  0.170092
 -1.72  76   0.041253  0.036611  0.161443
 -1.74 100   0.038362  0.038362  0.166708
 -1.77 100   0.033782  0.030587  0.152493
 -1.80  66   0.041185  0.046553  0.166194
 -1.44 100   0.041788  0.048141  0.161077
 -1.43  85   0.039650  0.047151  0.160550
 -1.44  91   0.042345  0.049383  0.161525
 -1.61  21   0.043794  0.031750  0.156379
 -1.40  54   0.036675  0.041363  0.159118
 -1.36  39   0.037209  0.019828  0.163425
 -1.34  50   0.044776  0.044485  0.156309
 -1.14  42   0.038109  0.042635  0.156258
 -1.20  69   0.037127  0.044974  0.168463
 -1.23  80   0.029412  0.036358  0.154484
 -1.23  70   0.035829  0.039516  0.169697
 -1.37  89   0.032603  0.010066  0.152217
 -1.26  84   0.041746  0.035646  0.168040
 -1.27  64   0.044474  0.042539  0.162434
 -1.44  80   0.041230  0.047154  0.175345
 -1.38  60   0.032495  0.040146  0.183441
 -1.47  71   0.043263  0.049724  0.163243
 -1.53  69   0.042394  0.049799  0.177290
 -1.60  67   0.033802  0.032065  0.152898
 -1.60  61   0.034567  0.032792  0.166182
 -1.19  53   0.032672 -0.023256  0.161239
 -1.26  57   0.031966 -0.028516  0.150119
 -1.22  52   0.041784  0.024936  0.169390
 -1.25  61   0.024089  0.007226  0.176010
 -1.30  53   0.031220  0.035566  0.188679
 -1.34  60   0.029114  0.037339  0.178141
 -1.37  60   0.037703  0.040359  0.218978
 -1.32  59   0.033862  0.043168  0.200358
 -1.24  52   0.032470  0.048080  0.206136
 -1.29  58   0.038151  0.039912  0.192734
 -1.30  66   0.032967  0.027288  0.199318
 -1.28  66   0.036893  0.035957  0.160981
 -1.32  63   0.038462  0.024000  0.189476
 -1.19  53   0.031707 -0.025840  0.159788
 -1.22  52   0.041079  0.022379  0.167891
 -1.25  61   0.023428  0.004713  0.174570
 -1.30  53   0.030206  0.032692  0.187180
 -1.34  60   0.028427  0.034526  0.176660
 -1.37  60   0.036602  0.037267  0.217391
 -1.32  59   0.033094  0.040685  0.199047
 -1.24  52   0.031434  0.045190  0.204625
 -1.29  58   0.037363  0.037363  0.191633
 -1.30  66   0.032214  0.024188  0.197727
 -1.28  66   0.035864  0.033052  0.159437
 -1.32  63   0.037457  0.021127  0.187998
 -1.33  54   0.026376  0.039049  0.159198
 -1.35  65   0.032157  0.028518  0.151615
 -1.52  74   0.034067  0.027027  0.162134
 -1.51  65   0.036686  0.000307  0.176322
 -1.52  60   0.039925  0.016613  0.160851
  0.62  36   0.042784 -0.012979  0.163301
  1.76  30   0.042804  0.015075  0.169077
 -1.80  77   0.039440  0.000662  0.186861
 -1.80  73   0.042968  0.041783  0.171971
  1.35  74   0.032691  0.030427  0.170878
 -1.80  58   0.044651  0.036567  0.162155
 -1.80  43   0.044159  0.045056  0.150334
 -1.80  46   0.043163  0.038228  0.168634
 -1.80  36   0.044532  0.038415  0.166711
 -1.79  78   0.036463  0.021860  0.155298
 -1.78  79   0.037939  0.024124  0.180019
 -1.75  72   0.043553  0.013885  0.168203
 -1.75  72   0.041993 -0.015732  0.167397
 -1.77  74   0.042456  0.022261  0.171918
 -1.75  78   0.043608  0.049005  0.173037
  1.34  80   0.042741  0.027511  0.152513
 -1.80  59   0.041353  0.048803  0.162562
 -1.80  65   0.035146  0.040335  0.152059
 -1.74  68   0.044802  0.028010  0.156452
 -1.64  75   0.043676  0.006482  0.169253
  1.07  38   0.040724  0.046885  0.161819
 -1.60  62   0.043713  0.039687  0.167579
 -0.33  20   0.040514  0.015182  0.182242
  1.61  51   0.044978  0.035848  0.152461
 -1.80  68   0.042071  0.028234  0.212766
 -1.80  93   0.040068  0.039254  0.161449
 -1.80  89   0.036433  0.023153  0.151747
 -1.65  64   0.019896  0.046740  0.153582
 -1.80  90   0.034428  0.033916  0.151896
 -1.80  82   0.043576  0.042230  0.162069
 -1.80  69   0.026516  0.041704  0.185204
 -1.80  65   0.036232  0.044727  0.223667
 -1.80  88   0.019324  0.013665  0.164824
 -1.80  87   0.023386  0.030641  0.155112
 -1.58  50   0.034101  0.015156  0.163343
 -1.80  74   0.025549  0.048709  0.159450
 -1.80  93   0.032347 -0.011853  0.165673
 -1.80  93   0.027924 -0.004571  0.160258
 -1.80  65   0.039508  0.024342  0.198595
 -1.80  68   0.039328  0.033480  0.175180
 -1.80  77   0.041251  0.043796  0.183801
 -1.80  80   0.035431  0.049082  0.157417
 -1.80  78   0.036299  0.034128  0.152542
 -1.80  95   0.041795  0.025670  0.174879
 -1.80  94   0.037159  0.043740  0.152411
 -1.80  94   0.030956  0.040767  0.152742
 -1.80  91   0.034287  0.018433  0.180178
 -1.80  93   0.039581  0.042646  0.164557
 -1.80  81   0.030354  0.036044  0.156685
 -1.80  90   0.027042  0.022330  0.152123
 -1.80  94   0.038953  0.023802  0.196846
 -1.80  94   0.026965  0.031134  0.153693
 -1.80  50   0.039110  0.046823  0.165935
 -1.80  75   0.030552  0.012863  0.155362
 -1.80  74   0.029340  0.022167  0.180176
 -1.80  54   0.028070  0.035963  0.155917
 -1.80  82   0.041023  0.025966  0.155497
 -1.80  71   0.042785  0.043350  0.155648
 -1.80  64   0.041704  0.029769  0.164967
 -1.80  72   0.042383  0.010473  0.162953
 -1.73  90   0.043224  0.042945  0.178123
 -1.77  48   0.042522  0.048304  0.178048
 -1.80  85   0.039271  0.027930  0.180980
 -1.80  91   0.043832  0.022552  0.192845
 -1.79  78   0.041690  0.048924  0.182997
 -1.67  62   0.039526  0.048924  0.155412
 -1.77  33   0.036449  0.042640  0.204176
 -1.77  41   0.039953  0.034849  0.204092
 -1.76  56   0.043608  0.030578  0.209773
 -1.77  60   0.044029  0.034420  0.204118
 -1.76  58   0.040617  0.027644  0.197421
 -1.76  52   0.036145  0.049505  0.167699
 -1.68  93   0.043128  0.025761  0.188095
 -1.68  92   0.041234  0.043113  0.155841
 -1.67  61   0.033469  0.042329  0.163251
 -1.71  88   0.037211 -0.001219  0.198537
 -1.72  80   0.034483  0.009889  0.186006
 -1.73  62   0.038796  0.038239  0.198261
 -1.67  56   0.030878  0.039721  0.161275
 -1.70  90   0.041784 -0.007421  0.186871
 -1.69  74   0.039334 -0.010266  0.197024
 -1.68  41   0.028555  0.029913  0.157358
 -1.67  40   0.040810  0.021574  0.202576
 -1.68  77   0.037058  0.018737  0.171575
 -1.80  61   0.043667  0.040099  0.160413
 -1.44  78   0.031737  0.042928  0.159497
 -1.43  76   0.044941  0.044386  0.176500
 -1.43  75   0.036891  0.040404  0.151365
 -1.46  59   0.037659  0.047466  0.153278
 -1.49  46   0.037731  0.047437  0.157260
 -1.75  58   0.035995  0.049373  0.153718
 -1.80  68   0.042553  0.043716  0.184994
 -1.78  80   0.044638  0.037229  0.156321
 -1.72  80   0.044473  0.043229  0.154041
 -1.06  56   0.042481  0.042184  0.205966
 -1.37  67   0.040466  0.017885  0.159280
 -1.45  51   0.031982  0.027818  0.163376
 -1.48  59   0.040198  0.017099  0.154684
 -1.12  56   0.037121  0.028865  0.164700
 -1.06  61   0.036716  0.024876  0.158586
 -1.23  53   0.042237  0.029497  0.188980
 -0.91  71   0.038198  0.025700  0.165678
 -0.94  39   0.034977  0.025760  0.151072
 -0.71  44   0.037916 -0.004533  0.157414
 -0.71  54   0.044505  0.015289  0.175333
 -1.43  54   0.035273  0.034990  0.168061
 -1.76  50   0.038401  0.009480  0.187450
 -1.77  53   0.035414 -0.006892  0.151307
 -1.77  59   0.034687 -0.015913  0.151420
 -1.30  66   0.035037  0.028479  0.164951
 -1.39  70   0.032128  0.025935  0.171584
 -1.27  65   0.043448  0.040737  0.215527
 -1.19  53   0.026962 -0.010381  0.158501
 -1.20  50   0.036740  0.043532  0.164435
 -1.28  56   0.038659  0.037671  0.182902
 -1.32  61   0.033898  0.026565  0.169006
 -1.24  49   0.037594  0.043845  0.182449
 -1.27  51   0.041247  0.046204  0.186329
 -1.35  57   0.035637  0.023839  0.162766
 -1.22  46   0.041555  0.047936  0.220708
 -1.30  49   0.039052  0.046984  0.178435
 -1.33  51   0.030143  0.029007  0.183543
 -1.21  52   0.037377  0.037377  0.185576
 -1.32  54   0.031723  0.029782  0.156585
 -1.56  92   0.026891  0.036873  0.170883
 -1.53  77   0.037236  0.042087  0.165505
 -1.52  59   0.037213  0.006452  0.173735
 -1.53  56   0.041855  0.031944  0.170057
 -1.53  61   0.038894  0.019351  0.184842
 -1.66  94   0.042375  0.021801  0.178998
 -1.63  93   0.044578  0.009678  0.158174
 -1.66  97   0.035704  0.019225  0.184885
 -1.68  97   0.029233  0.045223  0.173022
 -1.69  97   0.032767  0.019680  0.153029
 -1.72  97   0.027190  0.030651  0.152023
 -1.71  99   0.030558  0.047120  0.155143
 -1.69 100   0.036007  0.019695  0.162361
 -1.69  95   0.035518  0.031884  0.171216
 -1.68  98   0.039910 -0.010651  0.162950
 -1.70  99   0.037569  0.000287  0.158454
 -1.76  84   0.035918  0.049733  0.166995
 -1.72  92   0.038778  0.044950  0.161670
 -1.70  49   0.039227  0.042493  0.156476
 -1.69  66   0.034543  0.042671  0.152185
 -1.77  22   0.028488  0.019941  0.154352
 -1.79  38   0.036492  0.021811  0.174067
 -1.55  25   0.040140  0.018733  0.152325
 -1.76  58   0.043758  0.033182  0.170990
 -1.80  50   0.034790  0.046729  0.150833
 -1.80  58   0.033669  0.022416  0.151592
 -1.80  54   0.032542  0.009307  0.156657
 -1.80  63   0.030814  0.018835  0.157016
 -1.80  59   0.022861  0.015357  0.155094
 -1.80  54   0.032297  0.034650  0.183128
 -1.80  57   0.028555  0.046611  0.161469
 -1.80  56   0.030358  0.038737  0.154169
 -1.80  87   0.021341  0.022236  0.172894
 -1.80  91   0.003612 -0.005468  0.160538
 -1.78  63   0.044714 -0.002486  0.151276
 -1.76  53   0.042213  0.018989  0.168400
 -1.76  50   0.042172  0.014562  0.172035
 -1.72  51   0.041351  0.037145  0.153510
 -1.79  67   0.041534  0.033392  0.164768
 -1.80  77   0.033824  0.001410  0.154250
 -1.80  45   0.038641  0.005951  0.160163
 -1.80  43   0.043978  0.048627  0.168292
 -1.80  44   0.040390  0.030391  0.171612
 -1.79  56   0.042229  0.048516  0.155522
 -1.80  61   0.036375  0.038450  0.160805
 -1.80  56   0.039750  0.039449  0.169913
 -1.80  81   0.028605  0.044664  0.154517
 -1.80  83   0.042424  0.045317  0.164905
 -1.80  78   0.043644  0.037820  0.189525
 -1.74  96   0.043213  0.048747  0.164490
 -1.80  86   0.036786  0.042206  0.153444
 -1.80  87   0.043114  0.048526  0.168142
 -1.48  56   0.033227  0.040161  0.177078
 -1.49  28   0.041392  0.046824  0.164444
 -1.68  17   0.037520  0.016120  0.170183
 -1.65  27   0.035481  0.031081  0.192491
 -1.01  67   0.031507  0.032787  0.153045
 -0.38  71   0.039952  0.015100  0.189861
 -1.60  45   0.034749  0.040044  0.156627
 -1.58  50   0.043714  0.031450  0.198180
 -1.53  49   0.042985  0.033464  0.182560
 -1.13  60   0.034335  0.015317  0.162596
 -1.17  63   0.044564  0.021512  0.180424
 -1.09  49   0.040777  0.011435  0.182699
 -0.59  62   0.043278  0.002407  0.197871
 -1.80  57   0.036059  0.047407  0.157095
 -1.80  41   0.039375  0.049581  0.150992
 -1.80  81   0.034905  0.036675  0.153143
 -1.80  83   0.026498  0.040318  0.152032
 -1.26  83   0.032456  0.044740  0.151222
 -1.29  80   0.032558  0.047328  0.164659
 -1.80  48   0.038684 -0.008480  0.174107
 -1.80  54   0.042795 -0.006120  0.181886
 -1.80  31   0.035832 -0.006040  0.156702
  0.59  41   0.033748  0.017755  0.165431
 -1.76  17   0.041063 -0.003400  0.170457
 -1.33  23   0.042533  0.048013  0.189935
 -1.47  57   0.041818  0.030969  0.168571
 -1.70  75   0.033986  0.007692  0.170418
 -1.70  67   0.032355  0.030030  0.170306
 -1.70  45   0.038237  0.041344  0.201077
 -0.85  70   0.042995 -0.012690  0.173737
 -0.88  72   0.044838  0.024111  0.198911
 -1.56  96   0.038323 -0.003436  0.156955
 -1.60  98   0.036708 -0.003392  0.152383
 -1.52  71   0.042501  0.040816  0.150249
 -1.54  80   0.035126 -0.022398  0.156063
 -1.58  80   0.034209 -0.028962  0.183579
 -1.48  40   0.041966  0.024718  0.154274
 -1.61  79   0.044274  0.022048  0.150354
 -1.78  73   0.034281 -0.018227  0.171026
 -1.76  65   0.029303 -0.002645  0.150610
 -1.75  57   0.041954  0.012903  0.197903
 -1.77  70   0.029802 -0.003663  0.168437
 -1.35  61   0.030959  0.041902  0.165199
 -1.37  55   0.033204  0.031175  0.167439
 -1.29  69   0.025297  0.048214  0.176198
 -1.33  67   0.025352  0.049741  0.163578
 -1.35  55   0.039846  0.045672  0.172299
 -1.30  63   0.039209  0.037676  0.168093
 -1.32  60   0.033608  0.022764  0.154976
 -1.34  57   0.038398  0.041230  0.181793
 -1.33  57   0.040890  0.041466  0.150692
 -1.27  52   0.033045  0.040127  0.218158
 -1.30  50   0.043646  0.048227  0.226978
 -1.52  74   0.033632  0.023691  0.159420
 -1.52  58   0.040532  0.043862  0.181302
 -1.55  84   0.038485  0.010996  0.158064
 -1.23  62   0.035498  0.007130  0.159245
 -1.53  67   0.034463  0.030250  0.166292
