grs  48.43  135.01   2.00   29   235.1 259.9 244.6 269.7 250.2 268.5 255.6 268.9 257.7 269.0 269.4 274.8 254.9 267.9  0.010676  0.014767  0.036951
grs  48.54  135.50   1.83   61   237.6 260.8 240.4 261.6 254.0 268.4 258.3 268.6 265.0 271.1 271.0 275.3 271.0 274.9  0.008393  0.021195  0.032381
grs  48.64  135.47   1.79   99   236.0 259.7 238.3 261.6 249.8 265.1 254.0 266.6 260.5 268.6 271.4 276.6 239.5 266.5  0.008337  0.020968  0.041443
grs  48.67  135.36   1.79   84   235.3 259.6 239.6 259.6 244.0 263.9 250.1 266.2 249.8 266.2 256.1 272.6 269.3 275.8  0.012346  0.011746  0.024195
grs  48.70  135.25   1.84   87   237.0 259.7 242.5 260.4 248.2 265.9 254.0 267.4 255.6 267.0 269.7 278.3 268.9 277.5  0.011549  0.014688  0.041514
grs  48.73  135.13   1.85   34   237.8 260.9 244.6 262.4 254.4 267.6 257.2 269.0 256.4 267.0 261.0 275.0 254.4 269.7  0.005473  0.003915  0.012806
grs  48.69  135.57   1.70   86   235.9 259.1 242.1 260.3 255.7 268.8 258.4 270.2 262.5 269.8 273.0 275.5 274.7 276.7  0.005252  0.013122  0.032722
grs  48.76  135.35   1.74   31   235.5 260.6 244.2 262.4 252.3 266.7 256.0 268.2 256.4 267.4 267.6 275.1 270.9 278.8  0.007279  0.008060  0.029429
grs  48.79  135.23   1.79   18   238.4 260.3 245.9 264.4 257.7 268.7 259.5 269.4 262.5 270.2 261.4 274.7 257.7 272.7  0.003480  0.009227  0.007128
grs  48.75  135.65   1.66   52   234.8 258.6 241.7 261.1 255.7 267.9 259.5 269.0 259.3 268.6 274.2 275.1 275.9 277.1  0.007376  0.006990  0.034912
grs  48.78  135.54   1.65   78   235.1 258.4 242.9 261.5 256.5 267.9 260.7 269.0 262.1 271.1 272.2 275.9 259.7 271.0  0.008121  0.010798  0.029696
grs  49.24  136.31   1.79   38   230.4 255.1 235.6 256.6 245.7 263.1 248.4 263.9 249.0 262.9 268.5 275.3 259.4 270.0  0.005464  0.006671  0.044341
grs  49.29  136.39   2.01   55   232.7 256.2 237.3 257.8 249.1 263.4 251.6 265.1 258.0 267.8 264.3 271.6 268.0 274.1  0.004993  0.017551  0.029607
grs  49.47  136.34   1.95   27   227.3 253.9 233.4 256.1 247.0 264.6 250.7 266.3 253.5 266.2 247.4 267.6 264.8 275.4  0.007434  0.012987  0.000809
grs  49.78  136.36   1.85   39   229.9 254.0 227.1 250.9 227.5 254.1 235.3 255.3 230.9 254.0 267.6 273.4 261.8 271.7  0.016854  0.007417  0.080994
grs  60.75  124.70   1.02   63   253.0 265.5 258.2 264.7 264.8 270.7 265.1 269.6 265.0 267.8 270.5 274.9 268.0 272.4  0.000566  0.000378  0.010648
grs  60.90  125.67   0.87   36   252.3 264.9 255.7 264.3 262.8 269.1 264.3 268.4 263.7 267.8 268.8 273.3 268.0 270.8  0.002846  0.001709  0.011287
grs  60.59  122.00   1.33   41   258.2 266.2 260.7 266.7 266.9 270.7 267.9 270.8 268.2 269.5 268.4 272.1 269.7 273.3  0.001870  0.002429  0.002802
grs  60.56  121.85   1.37   56   259.2 266.7 260.7 266.3 267.3 271.9 267.1 270.8 267.4 269.5 269.7 274.1 272.1 274.1 -0.000374  0.000187  0.004469
grs  60.21  120.02   1.65   44   259.6 267.8 259.8 266.7 261.1 269.9 260.8 269.6 254.2 267.1 269.7 272.0 273.8 275.7 -0.000575 -0.013390  0.016202
grs  59.85  118.94   1.86   86   261.4 267.7 262.4 267.1 267.3 271.5 267.9 270.8 266.5 270.3 274.7 272.0 273.0 272.4  0.001121 -0.001499  0.013653
grs  59.92  118.84   1.85   51   260.6 267.8 263.6 267.1 268.5 271.1 267.9 271.2 266.1 268.2 272.2 274.0 271.3 271.6 -0.001119 -0.004489  0.006843
grs  59.84  117.57   2.04   66   260.3 268.2 261.4 268.7 269.0 271.6 266.7 272.0 267.7 270.3 266.4 267.9 274.3 273.2 -0.004293 -0.002422 -0.004856
grs  60.05  117.24   2.01   29   259.3 269.3 261.0 268.3 267.7 272.4 268.3 272.0 268.2 271.1 271.7 273.9 271.7 272.6  0.001119  0.000933  0.007416
grs  60.46  116.86   1.90   84   259.1 268.1 260.2 267.4 267.7 273.1 267.9 272.0 267.8 270.7 271.6 272.7 272.5 274.3  0.000373  0.000187  0.007232
grs  60.41  116.74   1.92   18   259.6 268.3 260.6 267.4 267.7 273.5 268.7 272.4 268.6 271.1 272.1 273.1 272.5 273.1  0.001864  0.001678  0.008151
grs  60.22  114.28   1.93   71   261.1 268.4 262.7 268.3 269.4 273.8 269.4 271.7 269.6 270.3 271.2 270.7 268.3 268.7  0.000000  0.000371  0.003330
grs  60.30  114.20   1.91   38   261.4 266.9 262.7 267.4 269.8 272.5 270.6 273.6 268.8 270.7 273.2 274.0 271.5 272.4  0.001480 -0.001857  0.006262
grs  59.56  112.60   2.07   28   262.2 267.4 263.9 268.6 269.9 273.4 271.0 273.3 269.6 272.3 269.3 272.8 268.1 271.1  0.002034 -0.000556 -0.001113
grs  50.22   93.36   1.70   30   225.5 272.9 232.4 273.7 243.0 280.9 247.2 280.1 248.8 280.8 266.9 281.6 269.4 283.6  0.008568  0.011793  0.046872
grs  50.39   93.16   1.63   20   216.0 265.0 221.5 265.6 241.8 278.0 244.1 275.4 259.1 281.6 265.7 277.9 262.4 275.0  0.004733  0.034538  0.047094
grs  50.48   93.10   1.83   37   220.5 265.7 225.6 266.0 246.7 274.7 249.3 274.3 256.2 274.7 263.6 274.6 263.1 278.3  0.005242  0.018890  0.033118
grs  50.40   93.08   1.60   20   212.2 262.9 213.9 261.6 232.6 271.5 237.0 272.7 254.6 277.5 264.8 279.5 262.7 275.4  0.009370  0.045156  0.064737
grs  50.25   92.95   1.59   18   201.6 259.3 197.1 256.4 202.5 257.2 212.1 260.9 219.6 260.1 218.2 265.6 253.2 277.9  0.023155  0.040512  0.037319
grs  50.17   92.93   1.59   18   206.2 262.9 201.3 258.0 215.4 267.0 223.2 268.4 234.8 271.9 262.3 284.8 264.7 286.5  0.017784  0.043092  0.098179
grs  50.25   92.87   1.58   20   198.5 257.0 191.2 254.0 200.8 256.0 209.7 259.7 215.8 259.3 229.5 266.8 255.2 278.3  0.021681  0.036006  0.066698
grs  53.95   91.70   1.97   27   229.5 261.9 233.1 262.2 249.2 269.0 251.8 270.2 258.5 270.4 269.9 273.3 264.5 273.8  0.005190  0.018318  0.039877
grs  54.02   91.63   1.94   42   228.6 260.8 231.0 259.8 245.1 266.2 248.3 268.2 259.4 272.0 256.6 272.5 267.4 277.9  0.006486  0.028345  0.022922
grs  53.94   91.59   1.96   24   231.2 262.4 235.2 262.2 245.1 266.6 249.5 268.6 252.8 268.8 265.7 277.1 264.1 275.4  0.008896  0.015465  0.040329
grs  53.79   91.50   1.98   39   238.6 266.5 244.4 266.6 254.6 272.3 257.7 273.3 265.5 275.7 267.4 275.8 269.1 277.0  0.006051  0.020957  0.024521
grs  54.05   91.53   1.93   46   230.0 260.8 232.2 261.4 239.2 264.2 245.5 265.8 247.8 265.5 265.4 273.2 269.9 275.3  0.012998  0.017659  0.051922
grs  54.26   91.54   1.89   92   229.2 260.1 236.9 261.0 250.9 268.6 253.0 267.8 259.7 269.2 269.9 273.9 270.8 273.1  0.004168  0.017235  0.036482
grs  54.37   91.49   1.87   86   231.5 260.4 238.5 261.4 248.4 266.6 251.4 268.2 252.3 267.6 261.6 272.6 264.9 273.8  0.006002  0.007789  0.025882
grs  54.29   91.44   1.88   88   230.1 260.3 235.6 260.6 248.0 266.2 251.0 267.4 255.6 267.1 266.6 275.0 267.4 273.8  0.006012  0.015091  0.036145
grs  54.21   91.40   1.88   44   230.1 260.1 233.1 259.0 233.8 258.4 239.2 262.3 230.1 255.8 269.1 270.5 269.1 273.8  0.011416 -0.007976  0.070193
grs  46.75   76.34   1.87   69   224.9 263.8 232.8 265.8 260.8 281.9 263.0 278.4 270.7 281.9 259.8 277.1 228.3 264.1  0.004200  0.018627 -0.001921
grs  46.46   75.44   2.02   53   192.3 244.2 194.1 244.8 205.9 249.4 224.8 258.8 214.5 252.4 275.0 287.7 276.3 286.1  0.043882  0.020457  0.143689
grs  46.87   75.00   1.87   54   224.6 264.0 239.0 271.8 266.6 285.5 270.4 286.0 271.5 282.7 276.6 283.1 278.2 283.5  0.007076  0.009106  0.018409
grs  46.82   74.59   1.84   51   207.5 252.8 211.3 254.0 238.4 268.5 245.7 269.5 263.3 277.9 200.6 253.4 201.4 252.6  0.015080  0.049631 -0.086105
grs  49.25   84.45   2.05  100   257.6 272.8 261.5 274.5 274.4 281.5 274.7 281.7 277.7 281.1 277.3 283.3 276.5 281.7  0.000546  0.005977  0.005256
grs  49.76   75.63   1.38   74   245.8 270.7 251.9 270.8 265.2 276.8 267.6 275.1 269.2 274.7 274.5 274.5 273.2 273.3  0.004504  0.007485  0.017232
grs  49.84   75.58   1.37  100   245.0 270.2 252.3 271.6 263.5 275.6 266.8 274.3 267.1 273.1 274.1 277.5 272.8 277.1  0.006223  0.006785  0.019717
grs  51.64   80.75   1.22  100   259.3 276.0 258.9 274.0 260.2 276.8 264.8 276.0 265.8 276.3 280.6 285.4 276.0 283.8  0.008762  0.010646  0.037722
grs  51.73   80.73   1.20   91   259.3 274.9 261.8 273.5 256.1 271.4 261.7 274.5 246.5 267.0 279.3 282.6 276.8 282.2  0.010815 -0.019101  0.043332
grs  51.82   80.95   1.20   44   257.8 275.1 263.9 274.7 271.0 280.8 272.6 280.4 273.5 279.9 277.3 283.0 278.9 283.8  0.002943  0.004591  0.011490
grs  50.01   73.00   1.27   66   248.6 272.1 250.5 270.3 254.0 269.8 260.2 272.1 252.7 268.5 273.9 276.6 271.5 274.6  0.012058 -0.002566  0.037697
grs  50.16   73.04   1.26   36   251.0 272.3 256.3 271.9 266.0 276.7 269.6 277.2 269.1 275.4 269.4 269.7 275.2 277.1  0.006721  0.005793  0.006350
grs  50.10   72.96   1.26   79   249.5 271.8 253.4 271.1 254.4 270.2 262.5 273.3 254.0 268.9 270.6 275.5 269.8 274.3  0.015670 -0.000787  0.030857
grs  52.68   81.68   1.12   45   246.8 268.4 252.5 270.3 261.5 275.0 263.3 276.1 264.3 274.1 271.9 278.9 271.9 279.3  0.003430  0.005325  0.019498
grs  52.76   81.77   1.11   21   248.0 269.3 253.3 269.9 263.1 274.6 264.9 275.7 266.4 273.3 271.5 278.8 269.0 276.3  0.003409  0.006232  0.015713
grs  49.24   70.91   1.49   90   247.0 272.7 252.9 272.3 260.2 273.8 265.7 274.1 263.9 272.5 248.8 255.4 252.9 257.8  0.010458  0.007060 -0.022397
grs  49.17   70.86   1.49   90   247.0 271.9 254.6 272.7 263.5 275.0 267.6 275.3 267.2 272.5 264.9 266.0 271.5 272.2  0.007720  0.006972  0.002649
grs  49.33   70.87   1.48   70   248.3 274.1 253.7 273.5 263.1 276.6 267.2 274.5 268.0 274.5 259.5 263.2 258.3 264.0  0.007731  0.009226 -0.006889
grs  49.26   70.81   1.48   98   247.2 273.9 253.3 272.7 262.2 274.6 266.8 275.7 265.2 273.3 260.8 263.6 260.0 263.2  0.008696  0.005688 -0.002677
grs  49.19   70.76   1.49   66   247.3 273.0 253.7 272.7 263.5 275.8 268.4 276.1 266.4 272.5 268.6 269.7 270.7 271.4  0.009212  0.005473  0.009585
grs  51.68   73.43   0.98   65   243.8 272.4 249.1 273.1 259.3 275.9 267.6 277.3 261.9 273.4 276.8 280.5 276.8 280.5  0.015753  0.004989  0.032643
grs  51.81   73.47   0.96   32   244.6 273.5 250.8 274.7 263.5 279.6 268.8 279.6 266.5 276.2 276.4 281.7 276.4 281.3  0.009957  0.005660  0.023893
grs  51.76   73.37   0.97   56   244.8 273.0 250.4 273.1 261.4 276.3 268.0 277.2 266.5 275.8 276.9 280.9 275.6 280.1  0.012467  0.009661  0.028794
grs  50.18   71.08   1.30   36   255.6 279.8 261.3 280.7 265.5 283.3 270.8 282.0 265.3 278.2 276.9 279.3 275.6 278.0  0.009883 -0.000377  0.021018
grs  51.77   87.69   1.82   59   259.2 268.2 260.1 269.0 266.0 272.7 267.7 272.1 271.5 273.7 229.2 264.6 225.9 260.5  0.003185  0.010233 -0.074313
grs  51.82   87.59   1.81   20   261.2 268.6 262.6 269.4 270.1 274.3 268.9 273.7 273.5 275.3 223.4 257.6 264.5 271.5 -0.002226  0.006255 -0.094630
grs  50.25   71.02   1.30   36   255.2 278.7 261.3 279.5 269.7 283.7 273.9 282.7 273.5 281.4 273.5 278.4 279.7 281.3  0.007726  0.006996  0.006996
grs  52.43   74.07   0.90   30   247.5 273.8 250.0 272.7 258.9 276.4 265.4 275.3 265.7 274.1 264.5 265.6 267.0 268.1  0.012397  0.012962  0.010699
grs  52.51   74.02   0.89   64   246.1 273.3 250.4 273.1 261.4 278.0 265.8 276.8 266.5 274.2 265.8 268.4 266.6 269.2  0.008346  0.009661  0.008346
grs  52.91   74.21   0.85   63   244.0 271.0 246.2 271.0 256.4 276.4 261.9 276.1 260.8 273.7 271.2 273.3 267.4 271.7  0.010612  0.008507  0.028052
grs  53.00   74.15   0.83   67   243.7 270.8 250.0 273.0 261.8 276.8 264.7 278.1 265.3 276.2 267.0 272.1 269.5 270.8  0.005508  0.006640  0.009834
grs  52.95   74.04   0.82   24   240.4 269.0 242.5 267.3 249.4 270.7 256.9 272.6 257.1 273.0 271.6 275.0 263.3 274.2  0.014813  0.015202  0.042610
grs  50.41   70.39   1.30   20   247.8 276.3 256.3 277.8 266.8 281.2 269.7 282.4 262.8 278.2 281.1 281.9 281.9 284.8  0.005405 -0.007553  0.026100
grs  50.34   70.33   1.30   60   247.8 276.8 258.8 277.8 269.3 282.9 272.1 282.8 270.2 282.7 277.4 279.9 281.5 284.8  0.005172  0.001668  0.014816
grs  50.27   70.28   1.32   95   249.0 277.4 259.2 279.4 270.5 284.1 274.0 284.0 273.5 283.5 281.1 283.6 280.7 284.8  0.006428  0.005515  0.019217
grs  50.36   70.23   1.30   88   245.6 276.0 256.3 277.8 264.7 281.6 267.8 281.3 265.3 278.6 279.1 280.6 279.5 280.6  0.005822  0.001132  0.026480
grs  50.45   70.06   1.29   17   241.8 272.9 250.5 275.4 260.1 279.2 265.5 279.0 267.8 280.7 272.8 280.9 274.9 283.7  0.010274  0.014586  0.023832
grs  53.01   73.17   0.74   39   223.2 261.2 216.5 254.8 230.2 263.0 246.3 267.6 246.0 267.3 270.7 276.4 272.4 276.4  0.033788  0.033179  0.080854
grs  50.56   69.79   1.29   31   235.9 269.4 244.6 270.5 259.3 280.5 265.5 279.3 271.1 281.5 269.8 281.7 275.2 282.1  0.011814  0.022247  0.019845
grs  50.49   69.74   1.31   41   232.1 266.7 235.8 268.1 247.7 273.2 254.9 275.0 253.9 273.0 270.2 280.5 265.2 278.0  0.014326  0.012360  0.043445
grs  53.38   73.24   0.68   17   226.4 259.0 231.2 258.8 248.9 269.1 258.1 271.5 263.0 272.5 272.7 275.6 273.1 277.2  0.018146  0.027544  0.045629
grs  50.57   69.68   1.29   50   232.8 267.8 237.9 268.9 253.1 276.9 258.0 277.4 265.4 280.7 274.3 280.5 264.8 277.6  0.009587  0.023722  0.040197
grs  50.50   69.63   1.31   30   226.5 265.2 230.0 264.1 239.8 269.5 249.0 271.9 255.1 274.6 256.9 273.1 255.3 270.3  0.018822  0.030915  0.034427
grs  50.42   69.59   1.31   30   223.5 263.5 226.2 261.6 233.5 265.5 243.9 267.9 235.0 264.9 256.9 271.1 266.5 276.4  0.021785  0.003202  0.047716
grs  49.96   69.33   1.41   35   250.2 279.0 258.9 279.0 271.3 285.8 273.3 284.0 275.2 284.3 278.5 282.5 280.9 282.9  0.003672  0.007136  0.013096
grs  50.05   69.28   1.40   33   243.5 274.6 249.2 275.7 271.3 285.7 273.3 284.4 277.3 284.3 277.6 281.3 278.4 282.1  0.003672  0.010937  0.011478
grs  50.28   69.30   1.35   74   219.4 262.0 225.4 261.6 252.7 275.6 256.1 275.8 268.7 279.8 269.7 280.9 276.3 282.9  0.006682  0.030687  0.032542
grs  50.20   69.26   1.37   38   226.3 266.5 231.2 266.4 258.5 280.1 262.4 280.5 272.0 283.9 278.4 284.6 277.2 282.5  0.007487  0.025448  0.037065
grs  52.81   71.57   0.81   37   241.4 271.4 249.7 271.6 265.1 277.6 268.7 276.2 268.3 274.1 260.2 262.7 270.6 271.8  0.006744  0.005999 -0.009328
grs  52.57   71.22   0.87   66   241.3 272.5 249.2 274.1 265.6 280.1 270.6 279.7 272.0 279.0 279.2 282.0 280.0 280.8  0.009325  0.011905  0.024963
grs  50.37   69.24   1.34   65   212.0 258.4 211.5 255.1 229.4 263.4 238.8 266.0 237.5 264.1 266.4 274.7 266.4 275.5  0.020077  0.017348  0.074627
grs  50.29   69.20   1.36   36   215.8 259.6 214.5 257.1 242.7 269.9 246.3 271.5 260.9 277.8 264.7 277.2 280.4 283.7  0.007362  0.036140  0.043358
grs  51.20   69.67   1.17   41   259.2 282.6 263.5 282.1 268.0 285.3 271.8 285.2 269.9 282.3 278.3 284.1 278.7 285.3  0.007040  0.003532  0.018854
grs  50.60   69.27   1.29   44   223.1 263.7 222.0 261.6 214.4 259.0 228.9 265.2 212.8 256.4 264.7 278.3 268.4 281.2  0.032709 -0.003745  0.104989
grs  50.37   69.14   1.34   32   209.4 256.8 203.6 252.3 222.7 262.2 232.1 265.2 239.6 267.3 263.4 275.5 274.2 278.7  0.020668  0.036556  0.083728
grs  53.81   72.98   0.59   23   241.4 266.8 241.7 264.7 247.7 267.8 254.6 269.9 256.0 270.5 274.6 277.5 274.6 277.5  0.013737  0.016478  0.051503
grs  53.76   72.87   0.59   53   237.6 265.1 235.4 261.9 216.5 254.0 236.9 262.4 198.3 245.0 275.4 277.0 274.2 277.0  0.044993 -0.043877  0.119740
grs  50.85   69.31   1.25   38   252.7 277.3 261.0 280.1 274.7 288.1 276.1 286.8 277.7 285.9 274.6 281.2 275.0 280.7  0.002542  0.005431 -0.000182
grs  50.62   69.17   1.30   80   223.8 264.1 224.1 262.3 223.1 263.8 235.7 268.0 229.7 265.7 218.6 262.8 257.2 276.3  0.027463  0.014576 -0.010188
grs  50.54   69.13   1.31   16   214.9 260.2 212.8 256.3 219.4 263.8 230.9 266.4 230.9 268.6 268.8 279.1 254.7 271.3  0.025539  0.025539  0.101188
grs  53.89   72.92   0.58   29   242.0 267.3 243.4 265.1 252.7 270.3 259.7 271.4 261.7 272.5 272.5 277.0 273.4 276.6  0.013661  0.017496  0.037700
grs  53.84   72.81   0.58   27   239.5 265.3 235.4 261.9 221.9 254.4 239.3 262.0 212.8 250.7 268.8 277.4 254.7 272.5  0.037728 -0.020934  0.095578
grs  50.85   69.20   1.25   78   251.1 277.6 259.3 278.8 271.4 286.1 273.0 284.4 274.4 283.9 279.5 285.6 279.5 284.8  0.002939  0.005497  0.014703
grs  50.54   69.03   1.32   15   214.6 258.7 211.1 256.7 215.6 261.8 228.2 264.0 217.3 259.7 278.3 285.6 272.9 281.1  0.028391  0.003927  0.126949
grs  50.94   69.15   1.24   60   257.1 280.6 266.0 283.7 272.6 285.7 274.1 284.8 274.0 283.9 280.0 284.7 280.0 285.5  0.002744  0.002561  0.013391
grs  50.87   69.11   1.25   75   252.9 278.5 261.8 279.2 267.2 282.4 271.0 284.0 262.5 277.8 279.6 286.4 280.4 284.3  0.007061 -0.008873  0.022677
grs  50.56   68.94   1.32   34   216.1 261.3 215.3 259.9 218.9 263.8 231.7 266.0 224.7 263.7 274.2 282.3 262.6 278.2  0.028407  0.013075  0.112148
grs  50.56   68.84   1.32   85   218.3 261.4 216.9 260.7 218.1 261.8 230.6 266.0 230.1 264.1 249.4 273.7 249.4 274.9  0.027858  0.026774  0.066952
grs  53.85   72.12   0.57   19   239.8 267.2 244.2 266.3 254.3 270.2 259.7 272.2 259.3 269.7 271.4 274.0 270.1 272.3  0.010506  0.009735  0.032528
grs  53.79   72.02   0.59   73   240.3 268.0 240.4 266.7 245.2 266.6 254.6 270.3 244.9 264.5 271.4 273.2 268.9 270.7  0.018808 -0.000612  0.050716
grs  53.87   71.95   0.59   88   239.2 266.2 237.5 264.7 234.3 262.5 247.6 267.5 234.3 260.9 269.3 272.0 270.2 274.1  0.027599  0.000000  0.069500
grs  50.09   68.48   1.42   89   244.7 275.3 247.5 275.6 252.2 278.4 256.5 279.0 249.4 275.1 278.8 283.9 278.4 283.9  0.008453 -0.005582  0.050094
grs  50.01   68.45   1.43   96   251.6 278.5 256.3 280.4 265.5 284.9 268.3 283.7 271.2 283.1 276.8 280.6 278.0 281.9  0.005245  0.010620  0.020837
grs  53.97   71.91   0.58   91   238.5 266.1 240.4 263.5 242.2 265.4 252.2 269.1 243.7 264.5 267.2 273.2 260.6 269.5  0.020227  0.003087  0.049077
grs  50.19   68.43   1.40   38   237.3 271.6 240.8 270.8 252.2 278.4 255.0 277.8 267.5 282.8 268.0 280.6 271.3 283.1  0.005521  0.029440  0.030373
grs  50.11   68.40   1.42   90   245.0 276.1 248.8 276.0 250.9 278.0 256.5 278.6 255.6 276.7 263.1 278.6 277.1 285.1  0.011037  0.009279  0.023735
grs  50.03   68.38   1.43   97   252.0 278.3 255.5 280.1 263.4 282.8 267.5 282.1 268.7 281.9 275.9 281.4 273.0 280.2  0.007723  0.009961  0.023178
grs  54.05   71.84   0.56   71   238.7 265.0 242.5 264.3 255.1 271.9 262.4 273.4 264.7 273.4 272.2 271.1 262.3 267.9  0.014106  0.018469  0.032429
grs  50.18   68.34   1.40   29   241.3 274.2 245.8 275.6 256.3 281.3 261.2 280.9 265.5 281.9 276.7 281.4 230.3 265.5  0.009469  0.017631  0.038274
grs  50.10   68.32   1.42   69   246.7 276.6 250.8 278.0 251.0 277.2 257.3 278.2 244.1 271.0 219.5 265.2 266.4 278.6  0.012394 -0.013937 -0.066950
grs  53.96   70.70   0.63   56   245.3 267.7 253.3 269.1 266.4 274.4 267.8 275.0 268.4 272.5 265.6 269.8 265.6 269.0  0.002621  0.003740 -0.001504
grs  54.13   70.04   0.62   33   241.2 267.8 250.8 269.5 266.4 276.8 269.2 277.8 269.6 276.5 275.3 279.6 274.4 280.0  0.005228  0.005970  0.016430
grs  54.07   69.96   0.64   35   241.3 268.9 249.1 269.6 259.3 273.6 263.4 276.2 265.1 275.7 275.3 280.8 276.5 281.2  0.007844  0.011060  0.029929
grs  53.08   68.38   0.89   37   250.4 272.0 257.5 273.9 269.7 278.5 272.3 279.0 271.7 278.1 275.8 281.0 275.8 278.1  0.004797  0.003694  0.011182
grs  53.23   68.37   0.86   23   246.7 269.6 256.2 272.3 266.4 278.9 270.3 279.4 270.4 278.9 277.8 280.1 272.5 278.9  0.007267  0.007452  0.020948
grs  52.40   67.63   1.04   76   253.3 274.3 259.6 274.3 265.6 276.4 267.5 276.3 269.6 275.2 268.8 272.1 258.5 262.6  0.003564  0.007474  0.005988
grs  52.50   67.58   1.03   72   253.2 274.7 258.4 275.1 268.1 276.8 269.8 278.7 270.1 274.8 269.3 270.9 266.0 268.8  0.003160  0.003716  0.002233
grs  52.42   67.54   1.03   72   254.0 275.1 257.5 272.3 263.9 275.2 265.9 276.4 263.9 272.4 268.8 272.5 264.3 270.9  0.003775  0.000000  0.009198
grs  52.34   67.51   1.05   31   254.9 275.5 259.6 273.9 265.6 277.6 269.4 277.9 268.0 275.2 260.6 266.4 267.6 271.3  0.007103  0.004498 -0.009502
grs  52.50   67.48   1.03   33   254.3 275.2 257.1 275.1 266.4 277.6 269.0 277.6 267.2 275.2 259.0 263.6 261.4 266.0  0.004856  0.001499 -0.014084
grs  52.42   67.44   1.03   33   254.7 275.0 257.1 274.3 260.6 274.4 265.5 276.0 251.2 267.5 270.1 274.2 271.8 275.5  0.009314 -0.018367  0.017901
grs  57.33   72.98  -0.04   67   251.6 263.6 250.9 263.7 258.1 268.5 261.3 269.6 256.7 267.1 273.4 275.9 273.4 274.6  0.006161 -0.002719  0.028786
grs  57.29   72.85  -0.04   79   250.2 263.2 248.4 262.8 252.3 265.7 257.3 268.1 255.1 266.3 270.9 274.6 264.7 271.8  0.009812  0.005518  0.035550
grs  55.62   69.24   0.39   72   231.2 258.5 238.7 258.8 253.5 268.1 259.3 268.4 260.0 268.3 270.1 273.8 270.1 273.8  0.011310  0.012658  0.031704
grs  55.55   69.15   0.41   53   230.4 257.6 237.1 260.0 247.7 267.3 255.4 268.9 252.6 267.5 267.6 273.0 268.9 275.1  0.015305  0.009794  0.038618
grs  55.36   68.89   0.45   33   224.2 256.2 232.5 259.2 247.7 266.1 254.6 267.7 257.5 268.7 269.7 276.3 271.8 276.7  0.013737  0.019398  0.042520
grs  55.44   68.82   0.43   31   223.9 256.8 232.0 257.6 250.6 266.5 254.6 268.5 258.8 269.6 266.3 275.1 267.6 275.6  0.007918  0.016097  0.030373
grs  55.38   68.74   0.45   94   222.3 255.7 229.5 256.4 241.0 262.4 248.7 265.3 246.9 265.5 267.6 274.7 267.2 275.6  0.015724  0.012093  0.052300
grs  55.46   68.68   0.44   67   222.0 255.2 230.7 257.6 244.8 264.5 253.4 266.9 254.7 267.5 267.2 273.4 268.4 273.8  0.017262  0.019820  0.043750
grs  53.74   66.83   0.84   57   223.5 262.4 232.0 263.6 244.4 268.1 252.2 269.7 253.1 269.1 267.9 274.5 267.1 272.0  0.015707  0.017487  0.045872
grs  53.82   66.76   0.82   23   221.8 261.5 230.7 264.0 247.3 269.7 254.6 271.6 256.4 271.1 266.2 274.5 267.1 273.7  0.014545  0.018066  0.036806
grs  58.54   81.93   0.50   92   234.4 255.1 236.1 255.1 240.2 258.7 244.8 260.5 245.0 260.1 264.1 273.3 260.8 270.4  0.009485  0.009893  0.047392
grs  53.53   66.14   0.89   30   234.5 268.0 246.1 270.5 254.3 273.8 262.0 276.3 248.6 268.6 275.6 279.9 273.1 278.6  0.014914 -0.011334  0.040196
grs  53.22   65.89   0.96   62   242.7 271.8 252.4 273.7 267.2 280.3 270.9 280.6 272.4 280.4 275.5 279.8 275.9 276.9  0.006876  0.009637  0.015294
grs  53.31   65.74   0.96   19   241.4 271.4 250.3 272.9 263.5 279.1 268.6 278.2 268.3 276.3 276.6 282.2 275.0 281.8  0.009585  0.009026  0.024255
grs  58.78   68.70  -0.17   26   257.1 269.6 258.6 268.0 264.8 274.3 266.9 273.9 263.7 271.6 278.5 277.9 278.9 278.7  0.003950 -0.002081  0.025216
grs  58.72   68.59  -0.15   31   255.0 269.5 257.3 268.8 265.6 272.7 268.1 275.1 264.1 270.8 278.9 277.9 281.4 280.0  0.004684 -0.002832  0.024426
grs  58.30   67.84  -0.04   84   252.3 267.4 252.3 268.0 263.1 273.9 265.3 275.1 266.6 274.1 265.3 271.8 273.5 274.2  0.004163  0.006608  0.004163
grs  58.92   68.75  -0.20   19   255.5 268.6 257.3 268.4 264.8 273.5 267.3 274.3 264.6 271.6 278.4 280.0 277.6 280.0  0.004698 -0.000378  0.025037
grs  58.86   68.63  -0.18   57   254.1 268.3 255.6 268.0 262.3 271.1 266.1 273.5 262.1 270.8 278.4 280.0 277.6 279.1  0.007192 -0.000381  0.029776
grs  58.81   68.52  -0.16   76   254.2 268.8 256.5 266.3 262.3 271.1 266.5 273.1 260.9 270.4 277.2 281.2 278.0 280.8  0.007943 -0.002676  0.027618
grs  58.39   67.77  -0.05   80   252.3 267.2 256.5 269.6 266.0 275.1 268.4 275.0 269.5 274.1 268.9 275.0 272.2 275.0  0.004491  0.006536  0.005422
grs  58.32   67.67  -0.03   46   253.2 268.5 255.2 269.2 263.1 273.5 267.7 275.8 264.1 272.9 273.9 277.5 276.0 277.9  0.008666  0.001897  0.020112
grs  59.00   68.68  -0.20   51   253.7 267.8 254.8 266.8 261.9 272.7 266.1 273.5 262.1 270.5 274.7 279.6 279.6 282.0  0.007955  0.000382  0.023854
grs  57.04   65.94   0.28   76   243.4 264.0 248.6 265.6 260.2 271.9 263.7 272.7 267.0 274.5 280.5 280.4 278.0 283.3  0.006681  0.012898  0.037544
grs  58.68   67.83  -0.11   53   250.7 267.4 255.6 268.8 266.0 275.9 269.6 275.0 268.3 274.5 279.2 281.6 278.4 280.0  0.006721  0.004305  0.024211
grs  58.62   67.73  -0.09   94   251.8 268.0 255.2 269.6 266.4 275.9 269.6 276.2 267.0 272.9 275.5 278.8 269.7 276.7  0.005970  0.001125  0.016793
grs  57.05   65.81   0.28   96   243.7 263.7 246.4 264.8 255.6 271.1 261.4 271.5 262.9 273.3 273.4 279.2 273.4 278.4  0.011219  0.014079  0.033648
grs  59.70   69.77  -0.38   67   244.9 263.8 251.4 264.8 257.3 269.9 260.6 271.9 258.4 268.9 272.6 276.7 273.0 277.1  0.006372  0.002133  0.028873
grs  59.83   69.84  -0.40   21   245.6 262.9 251.4 265.6 263.5 271.5 264.9 272.2 266.2 271.7 275.5 275.9 268.1 274.3  0.002649  0.005097  0.022263
grs  61.09   74.18  -0.48   40   237.7 263.9 239.2 261.6 246.0 264.6 251.6 265.9 247.0 261.2 271.9 276.3 272.3 275.9  0.011254  0.002028  0.050010
grs  60.13   69.77  -0.46   36   242.7 262.4 250.9 264.4 263.1 271.9 264.6 272.6 266.7 272.2 275.6 275.5 276.4 276.3  0.002843  0.006795  0.023204
grs  60.09   69.63  -0.45   69   240.5 261.3 246.8 263.6 258.5 270.7 261.8 270.6 261.3 269.3 273.5 275.9 269.0 271.8  0.006342  0.005387  0.028195
grs  60.26   69.83  -0.49   75   243.6 262.0 249.7 264.0 262.3 270.2 265.0 272.6 267.1 271.8 262.4 271.0 271.5 276.0  0.005120  0.009067  0.000191
grs  60.22   69.69  -0.47   25   241.6 260.9 244.7 262.8 255.6 269.4 259.9 269.8 258.5 268.1 275.2 275.5 276.9 275.9  0.008341  0.005641  0.036925
grs  58.93   66.99  -0.11   26   250.8 267.5 253.5 268.9 263.5 274.7 266.9 275.4 265.4 274.2 269.8 275.1 265.3 272.7  0.006410  0.003592  0.011813
grs  58.87   66.89  -0.10   98   252.9 267.9 255.1 269.7 261.0 274.7 265.3 275.0 263.0 273.4 273.6 276.4 275.2 277.2  0.008170  0.003817  0.023569
grs  60.40   69.90  -0.51  100   244.3 261.5 251.4 264.0 266.4 273.4 266.5 272.6 269.6 273.4 277.3 277.6 276.9 277.6  0.000188  0.005970  0.020048
grs  60.35   69.77  -0.51  100   241.1 260.1 247.2 262.4 259.8 270.2 261.8 271.4 262.2 269.3 274.8 276.4 276.1 277.2  0.003834  0.004598  0.028058
grs  60.26   69.49  -0.48  100   235.0 258.7 238.0 258.8 247.7 266.2 253.6 268.3 249.9 266.5 270.7 273.5 271.1 273.9  0.011769  0.004421  0.044367
grs  58.96   66.82  -0.11   89   251.4 267.0 253.9 268.9 263.1 275.9 266.9 274.2 267.9 275.4 273.6 276.8 275.2 278.9  0.007170  0.009040  0.019564
grs  60.48   69.83  -0.52  100   241.8 261.4 248.0 262.8 262.2 270.6 264.2 270.2 266.7 270.9 274.4 277.2 273.6 276.4  0.003799  0.008508  0.022736
grs  60.43   69.69  -0.52   91   239.3 259.8 243.8 261.2 253.5 267.0 257.1 267.9 256.4 266.9 274.8 276.0 275.3 276.0  0.007051  0.005687  0.040318
grs  60.61   69.90  -0.56   60   240.7 260.0 245.5 262.0 260.6 270.2 262.2 271.0 265.5 270.6 272.0 276.0 272.0 273.9  0.003060  0.009314  0.021404
grs  60.57   69.76  -0.54   85   239.2 259.1 244.6 261.2 257.3 269.8 259.1 269.4 260.9 268.1 273.6 274.3 274.9 276.8  0.003486  0.006947  0.030703
grs  60.52   69.62  -0.53   19   236.4 258.9 239.6 258.8 248.5 265.0 253.6 267.9 252.7 265.7 273.6 273.9 269.5 272.7  0.010157  0.008380  0.048075
grs  59.38   67.08  -0.19  100   242.6 263.8 247.2 264.5 262.3 273.1 265.0 273.4 266.3 273.8 275.7 276.4 271.6 275.6  0.005120  0.007567  0.024907
grs  59.31   66.97  -0.17  100   244.7 264.9 248.0 266.9 258.1 273.1 262.6 273.0 259.7 271.0 272.0 275.2 269.9 271.9  0.008642  0.003090  0.026221
grs  60.65   69.69  -0.55   50   237.8 259.1 242.1 259.6 252.3 266.2 256.7 268.7 255.6 266.1 274.5 276.0 273.6 275.2  0.008644  0.006497  0.042141
grs  59.73   67.25  -0.27   99   235.9 259.9 241.3 260.8 251.5 268.2 256.3 269.9 260.6 268.5 269.5 273.9 263.3 273.9  0.009453  0.017770  0.034549
grs  59.67   67.14  -0.26   58   237.2 259.7 239.6 260.8 244.8 265.4 251.2 267.2 246.2 264.1 265.4 273.9 261.6 273.1  0.012903  0.002851  0.040376
grs  59.81   67.17  -0.28   72   235.7 259.3 242.9 261.2 257.3 268.6 259.4 270.7 262.2 270.1 269.9 275.1 268.7 274.3  0.004064  0.009432  0.023900
grs  59.69   66.31  -0.22  100   239.0 260.1 241.3 262.4 253.2 266.6 257.4 268.0 261.3 268.5 264.2 268.9 268.7 274.2  0.008226  0.015743  0.021260
grs  46.94  -88.23   1.72   97   192.9 223.3 181.0 218.4 301.2 285.6 204.0 235.8 197.2 234.1 209.1 244.2 208.2 242.9 -0.192399 -0.208668 -0.180482
grs  46.92  -88.12   1.65   95   185.3 219.3 183.1 218.8 308.3 289.6 214.8 241.3 220.4 245.1 211.2 242.5 214.9 242.9 -0.178742 -0.166257 -0.186910
grs  70.06  -50.68  -0.98   97   275.4 244.0 220.4 242.9 225.0 244.9 226.5 242.9 214.7 228.1 225.2 230.2 221.8 235.3  0.003322 -0.023425  0.000444
grs  70.07  -50.92  -1.04   95   279.8 243.5 219.6 244.1 225.5 244.5 224.2 241.3 208.1 222.4 235.9 248.2 243.4 251.1 -0.002891 -0.040129  0.022540
