      170.144      225.560      228.406      181.610      228.952      195.458      230.254
      155.762      208.260      210.487      167.724      212.914      175.256      212.958
      172.592      226.360      229.396      186.486      230.734      202.340      232.792
      158.618      209.360      211.774      172.282      214.696      181.028      215.402
      171.062      225.860      228.901      183.306      229.744      200.453      232.604
      156.578      208.660      210.982      169.526      213.706      179.585      215.120
      172.796      226.660      229.891      188.288      232.021      212.885      238.338
      159.026      209.760      212.368      175.674      216.676      192.350      221.230
      174.122      227.260      230.584      192.210      233.803      221.432      242.380
      160.964      210.560      213.457      180.550      218.953      201.230      225.648
      179.426      229.160      233.059      203.234      238.060      233.864      246.892
      166.574      212.960      216.625      191.786      224.101      218.102      233.638
