      102.542      184.407      201.527      133.540      205.540      191.490      243.135
      98.2580      180.843      196.489      130.640      202.340      183.991      237.815
      107.030      186.585      203.726      141.540      208.740      197.670      244.465
      103.256      183.120      198.596      137.740      205.040      188.688      238.670
      103.970      185.199      202.535      136.140      206.740      195.857      244.750
      99.5840      181.536      197.222      133.240      203.440      187.534      239.050
      106.928      186.684      204.000      143.740      210.240      206.651      248.835
      103.664      183.516      199.237      142.240      207.440      197.834      242.375
      109.376      187.971      205.283      149.740      213.040      214.067      251.495
      106.928      185.199      200.886      149.240      210.540      204.921      244.750
      118.964      192.624      210.046      167.040      220.340      225.191      253.585
      116.312      189.753      205.649      165.540      217.540      218.270      248.360
