    .0000  .0000  .0000  .0000
    .2500  .0500  .0871  .0631
    .5000  .0950  .0934  .0997
    .7500  .1391  .1458  .1396
   1.0000  .1819  .1423  .1723
   1.2500  .2232  .2549  .2336
   1.5000  .2631  .2872  .2721
   1.7500  .3013  .2522  .2940
   2.0000  .3380  .3774  .3562
   2.2500  .3730  .4224  .3954
   2.5000  .4064  .3799  .4061
   2.7500  .4381  .4375  .4413
   3.0000  .4681  .4864  .4785
   3.2500  .4966  .5034  .5063
   3.5000  .5234  .5362  .5354
   3.7500  .5488  .5790  .5622
   4.0000  .5726  .5338  .5707
   4.2500  .5950  .6406  .6146
   4.5000  .6162  .6561  .6312
   4.7500  .6360  .5866  .6217
   5.0000  .6547  .6579  .6461
   5.2500  .6723  .6430  .6575
   5.5000  .6888  .6669  .6822
   5.7500  .7044  .7499  .7214
   6.0000  .7192  .7547  .7311
   6.2500  .7332  .6860  .7165
   6.5000  .7465  .7396  .7316
   6.7500  .7591  .7300  .7380
   7.0000  .7712  .7465  .7517
   7.2500  .7827  .7596  .7700
   7.5000  .7937  .8203  .7983
   7.7500  .8044  .8078  .8041
   8.0000  .8146  .7996  .8059
   8.2500  .8245  .8176  .8135
   8.5000  .8340  .8006  .8166
   8.7500  .8433  .8602  .8355
   9.0000  .8522  .8189  .8294
   9.2500  .8609  .8240  .8335
   9.5000  .8693  .8426  .8468
   9.7500  .8775  .8725  .8640
  10.0000  .8854  .8854  .8725
