1
 0.000 0.00   0.0  0.00          0.00   0.000
 0.000 0.10   0.0 -3.50        107.88   0.295
 0.000 0.20   0.0 -3.67        189.28   0.518
 0.000 0.30   0.0 -3.82        294.21   0.806
 0.000 0.40   0.0 -3.95        428.14   1.172
 0.000 0.50   0.0 -4.07        597.72   1.637
 0.000 0.60   0.0 -4.16        810.97   2.220
 0.000 0.70   0.0 -4.25       1077.59   2.950
 0.000 0.80   0.0 -4.32       1409.26   3.858
 0.000 0.90   0.0 -4.38       1820.06   4.983
 0.000 1.00   0.0 -4.43       2326.92   6.371
 0.000 1.10   0.0 -4.48       2950.16   8.077
 0.000 1.20   0.0 -4.52       3714.19  10.169
 0.000 1.30   0.0 -4.55       4648.24  12.726
 0.000 1.40   0.0 -4.58       5787.33  15.845
 0.000 1.50   0.0 -4.60       7173.38  19.640
 0.000 1.60   0.0 -4.63       8856.48  24.248
 0.000 1.70   0.0 -4.64      10896.46  29.834
 0.000 1.80   0.0 -4.66      13364.78  36.592
 0.000 1.90   0.0 -4.67      16346.62  44.756
 0.000 2.00   0.0 -4.69      19943.57  54.604
 0.000 2.10   0.0 -4.70      24276.61  66.467
 0.000 2.20   0.0 -4.71      29489.80  80.740
 0.000 2.30   0.0 -4.71      35754.51  97.893
 0.000 2.40   0.0 -4.72      43274.57 118.482
 0.000 2.50   0.0 -4.72      52292.22 143.171
 0.000 2.60   0.0 -4.73      63095.21 172.749
 0.000 2.70   0.0 -4.73      76025.25 208.150
 0.000 2.80   0.0 -4.74      91487.84 250.485
 0.000 2.90   0.0 -4.74     109964.07 301.072
 0.000 3.00   0.0 -4.74     132024.37 361.471
 0.000 3.10   0.0 -4.75     158344.90 433.534
 0.000 3.20   0.0 -4.75     189726.79 519.455
 0.000 3.30   0.0 -4.75     227118.91 621.831
 0.000 3.40   0.0 -4.75     271644.68 743.738
 0.000 3.50   0.0 -4.75     324633.71 888.818
 0.000 3.60   0.0 -4.75     387659.171061.376
 0.000 3.70   0.0 -4.75     462581.721266.507
 0.000 3.80   0.0 -4.75     551601.421510.235
 0.000 3.90   0.0 -4.76     657318.821799.679
 0.000 4.00   0.0 -4.76     782807.002143.255
 0.000 4.10   0.0 -4.76     931696.352550.900
 0.000 4.20   0.0 -4.76    1108274.533034.355
 0.000 4.30   0.0 -4.76    1317604.073607.480
 0.000 4.40   0.0 -4.76    1565660.924286.638
 0.000 4.50   0.0 -4.76    1859497.485091.135
 0.000 4.60   0.0 -4.76    2207434.516043.755
 0.000 4.70   0.0 -4.76    2619286.957171.370
 0.000 4.80   0.0 -4.76    3106629.638505.670
 0.000 4.90   0.0 -4.76    3683109.81********
 0.000 5.00   0.0 -4.76    4364814.82********
 0.000 5.10   0.0 -4.76    5170704.43********
 0.000 5.20   0.0 -4.76    6123119.21********
 0.000 5.30   0.0 -4.76    7248378.21********
 0.000 5.40   0.0 -4.76    8577481.64********
 0.000 5.50   0.0 -4.76   10146936.59********
 0.000 5.60   0.0 -4.76   11999727.64********
 0.000 5.70   0.0 -4.76   14186457.22********
 0.000 5.80   0.0 -4.76   16766685.53********
 0.000 5.90   0.0 -4.76   19810504.54********
 0.000 6.00   0.0 -4.76   23400386.95********
 0.000 6.10   0.0 -4.76   27633357.66********
 0.000 6.20   0.0 -4.76   32623543.92********
 0.000 6.30   0.0 -4.76   38505169.67********
 0.000 6.40   0.0 -4.76   45436071.20********
 0.000 6.50   0.0 -4.76   53601824.33********
 0.000 6.60   0.0 -4.76   63220589.06********
 0.000 6.70   0.0 -4.76   74548795.77********
 0.000 6.80   0.0 -4.76   87887818.39********
 0.000 6.90   0.0 -4.76  103591805.28********
 0.000 7.00   0.0 -4.76  122076867.55********
 0.000 7.10   0.0 -4.76  143831859.18********
 0.000 7.20   0.0 -4.76  169431023.52********
 0.000 7.30   0.0 -4.76  199548827.89********
 0.000 7.40   0.0 -4.76  234977363.30********
 0.000 7.50   0.0 -4.76  276646751.02********
 0.000 7.60   0.0 -4.76  325649073.53********
 0.000 7.70   0.0 -4.76  383266436.02********
 0.000 7.80   0.0 -4.76  451003868.83********
 0.000 7.90   0.0 -4.76  530627902.52********
 0.000 8.00   0.0 -4.76  624211789.99********
 0.000 8.10   0.0 -4.76  734188516.88********
 0.000 8.20   0.0 -4.76  863412936.56********
 0.000 8.20   0.0 -4.76  863412936.56********
 0.000 8.20   0.0 -4.76  863412936.56********
 0.000 8.20   0.0 -4.76  863412936.56********
 0.000 8.20   0.0 -4.76  863412936.56********
 0.000 8.20   0.0 -4.76  863412936.56********
 0.000 8.20   0.0 -4.76  863412936.56********
 0.000 8.20   0.0 -4.76  863412936.56********
 0.000 8.20   0.0 -4.76  863412936.56********
 0.000 8.20   0.0 -4.76  863412936.56********
 0.000 8.20   0.0 -4.76  863412936.56********
 0.000 8.20   0.0 -4.76  863412936.56********
 0.000 8.20   0.0 -4.76  863412936.56********
 0.000 8.20   0.0 -4.76  863412936.56********
 0.000 8.20   0.0 -4.76  863412936.56********
 0.000 8.20   0.0 -4.76  863412936.56********
 0.000 8.20   0.0 -4.76  863412936.56********
 0.000 8.20   0.0 -4.76  863412936.56********
 0.000 8.20   0.0 -4.76  863412936.56********
