  0.10 0.200
  0.15 0.201
  0.20 0.216
  0.25 0.236
  0.30 0.257
  0.35 0.279
  0.40 0.302
  0.45 0.324
  0.50 0.347
  0.55 0.370
  0.60 0.394
  0.65 0.417
  0.70 0.440
  0.75 0.463
  0.80 0.486
  0.85 0.509
  0.90 0.532
  0.95 0.556
  1.00 0.579
  1.05 0.602
  1.10 0.625
  1.15 0.648
  1.20 0.671
  1.25 0.694
  1.30 0.717
  1.35 0.740
  1.40 0.763
  1.45 0.786
  1.50 0.809
  1.55 0.832
  1.60 0.855
  1.65 0.877
  1.70 0.900
  1.75 0.923
  1.80 0.946
  1.85 0.969
  1.90 0.992
  1.95 1.015
  2.00 1.037
  2.05 1.060
  2.10 1.083
  2.15 1.106
  2.20 1.129
  2.25 1.151
  2.30 1.174
  2.35 1.197
  2.40 1.220
  2.45 1.242
  2.50 1.265
  2.55 1.288
  2.60 1.311
  2.65 1.333
  2.70 1.356
  2.75 1.379
  2.80 1.401
  2.85 1.424
  2.90 1.447
  2.95 1.469
  3.00 1.492
  3.05 1.515
  3.10 1.537
  3.15 1.560
  3.20 1.583
  3.25 1.605
  3.30 1.628
  3.35 1.651
  3.40 1.673
  3.45 1.696
  3.50 1.718
  3.55 1.741
  3.60 1.764
  3.65 1.786
  3.70 1.809
  3.75 1.832
  3.80 1.854
  3.85 1.877
  3.90 1.899
  3.95 1.922
  4.00 1.945
  4.05 1.967
  4.10 1.990
  4.15 2.012
  4.20 2.035
  4.25 2.057
  4.30 2.080
  4.35 2.103
  4.40 2.125
  4.45 2.148
  4.50 2.170
  4.55 2.193
  4.60 2.215
  4.65 2.238
  4.70 2.261
  4.75 2.283
  4.80 2.306
  4.85 2.328
  4.90 2.351
  4.95 2.373
  5.00 2.396
