 2
 0.000 0.00   0.0  0.00          0.00   0.000
 0.000 0.10 -12.1  7.58          0.84   0.002
 0.000 0.20 -16.9  5.27          2.67   0.007
 0.000 0.30 -19.5  4.06          5.53   0.015
 0.000 0.40 -21.2  3.30          9.43   0.026
 0.000 0.50 -22.4  2.78         14.40   0.039
 0.000 0.60 -23.3  2.40         20.43   0.056
 0.000 0.70 -24.0  2.11         27.54   0.075
 0.000 0.80 -24.5  1.88         35.73   0.098
 0.000 0.90 -24.9  1.69         45.00   0.123
 0.000 1.00 -25.3  1.54         55.35   0.152
 0.000 1.10 -25.6  1.41         66.77   0.183
 0.000 1.20 -25.9  1.30         79.29   0.217
 0.000 1.30 -26.1  1.21         92.88   0.254
 0.000 1.40 -26.3  1.13        107.56   0.294
 0.000 1.50 -26.4  1.06        123.33   0.338
 0.000 1.60 -26.6  0.99        140.17   0.384
 0.000 1.70 -26.7  0.94        158.11   0.433
 0.000 1.80 -26.9  0.89        177.12   0.485
 0.000 1.90 -27.0  0.84        197.23   0.540
 0.000 2.00 -27.1  0.80        218.41   0.598
 0.000 2.10 -27.2  0.76        240.69   0.659
 0.000 2.20 -27.2  0.73        264.05   0.723
 0.000 2.30 -27.3  0.69        288.49   0.790
 0.000 2.40 -27.4  0.66        314.02   0.860
 0.000 2.50 -27.4  0.64        340.63   0.933
 0.000 2.60 -27.5  0.61        368.33   1.008
 0.000 2.70 -27.6  0.59        397.12   1.087
 0.000 2.80 -27.6  0.57        426.99   1.169
 0.000 2.90 -27.7  0.55        457.95   1.254
 0.000 3.00 -27.7  0.53        489.99   1.342
 0.000 3.10 -27.8  0.51        523.12   1.432
 0.000 3.20 -27.8  0.49        557.34   1.526
 0.000 3.30 -27.8  0.48        592.64   1.623
 0.000 3.40 -27.9  0.46        629.03   1.722
 0.000 3.50 -27.9  0.45        666.50   1.825
 0.000 3.60 -27.9  0.43        705.06   1.930
 0.000 3.70 -28.0  0.42        744.70   2.039
 0.000 3.80 -28.0  0.41        785.43   2.150
 0.000 3.90 -28.0  0.40        827.25   2.265
 0.000 4.00 -28.0  0.39        870.15   2.382
 0.000 4.10 -28.1  0.38        914.14   2.503
 0.000 4.20 -28.1  0.37        959.21   2.626
 0.000 4.30 -28.1  0.36       1005.37   2.753
 0.000 4.40 -28.1  0.35       1052.62   2.882
 0.000 4.50 -28.2  0.34       1100.95   3.014
 0.000 4.60 -28.2  0.33       1150.37   3.150
 0.000 4.70 -28.2  0.32       1200.88   3.288
 0.000 4.80 -28.2  0.31       1252.47   3.429
 0.000 4.90 -28.2  0.31       1305.14   3.573
 0.000 5.00 -28.3  0.30       1358.90   3.721
 0.000 5.10 -28.3  0.29       1413.75   3.871
 0.000 5.20 -28.3  0.29       1469.69   4.024
 0.000 5.30 -28.3  0.28       1526.71   4.180
 0.000 5.40 -28.3  0.27       1584.81   4.339
 0.000 5.50 -28.3  0.27       1644.00   4.501
 0.000 5.60 -28.3  0.26       1704.28   4.666
 0.000 5.70 -28.4  0.26       1765.65   4.834
 0.000 5.80 -28.4  0.25       1828.10   5.005
 0.000 5.90 -28.4  0.25       1891.63   5.179
 0.000 6.00 -28.4  0.24       1956.25   5.356
 0.000 6.10 -28.4  0.24       2021.96   5.536
 0.000 6.20 -28.4  0.23       2088.76   5.719
 0.000 6.30 -28.4  0.23       2156.64   5.905
 0.000 6.40 -28.4  0.22       2225.60   6.094
 0.000 6.50 -28.5  0.22       2295.66   6.285
 0.000 6.60 -28.5  0.22       2366.79   6.480
 0.000 6.70 -28.5  0.21       2439.02   6.678
 0.000 6.80 -28.5  0.21       2512.33   6.879
 0.000 6.90 -28.5  0.20       2586.73   7.082
 0.000 7.00 -28.5  0.20       2662.21   7.289
 0.000 7.10 -28.5  0.20       2738.78   7.499
 0.000 7.20 -28.5  0.19       2816.43   7.711
 0.000 7.30 -28.5  0.19       2895.17   7.927
 0.000 7.40 -28.5  0.19       2975.00   8.145
 0.000 7.50 -28.5  0.18       3055.91   8.367
 0.000 7.60 -28.5  0.18       3137.91   8.591
 0.000 7.70 -28.6  0.18       3221.00   8.819
 0.000 7.80 -28.6  0.17       3305.17   9.049
 0.000 7.90 -28.6  0.17       3390.42   9.283
 0.000 8.00 -28.6  0.17       3476.77   9.519
 0.000 8.10 -28.6  0.17       3564.20   9.758
 0.000 8.20 -28.6  0.16       3652.71  10.001
 0.000 8.30 -28.6  0.16       3742.31  10.246
 0.000 8.40 -28.6  0.16       3833.00  10.494
 0.000 8.50 -28.6  0.16       3924.77  10.746
 0.000 8.60 -28.6  0.15       4017.63  11.000
 0.000 8.70 -28.6  0.15       4111.58  11.257
 0.000 8.80 -28.6  0.15       4206.61  11.517
 0.000 8.90 -28.6  0.15       4302.73  11.780
 0.000 9.00 -28.6  0.14       4399.93  12.047
 0.000 9.10 -28.6  0.14       4498.22  12.316
 0.000 9.20 -28.6  0.14       4597.59  12.588
 0.000 9.30 -28.6  0.14       4698.06  12.863
 0.000 9.40 -28.7  0.14       4799.60  13.141
 0.000 9.50 -28.7  0.13       4902.24  13.422
 0.000 9.60 -28.7  0.13       5005.96  13.706
 0.000 9.70 -28.7  0.13       5110.76  13.993
 0.000 9.80 -28.7  0.13       5216.66  14.283
 0.000 9.90 -28.7  0.13       5323.63  14.576
