valid      10       9      12                    1729
valid      94      64     103                 1092728
valid     144      73     150                 3375001
valid     235     135     249                15438250
valid     438     334     495               121287376
valid     729     244     738               401947273
valid    1537     368    1544              3680797185
valid    1738    1033    1852              6352182209
valid    1897    1010    1988              7856862273
valid    2304     577    2316             12422690497
valid    3518    3097    4184             73244501505
valid    4528    3753    5262            145697644729
valid    5625    1126    5640            179406144001
valid    8343    4083    8657            648787169394
valid    9036    5856    9791            938601300672
valid    9735    3987    9953            985966166178
valid   11664    1945   11682           1594232306569
valid   11468   11161   14258           2898516861513
valid   19386   13294   21279           9635042700640
valid   21609    3088   21630          10119744747001
valid   31180   10876   31615          31599452533376
valid   35442   16617   36620          49108313528001
valid   36864    4609   36888          50194406979073
valid   33412   27238   38599          57507986235800
valid   38782    5700   38823          58515008947768
valid   35385   27784   40362          65753372717929
valid   41167   11767   41485          71395901759126
valid   44521   26914   47584         107741456072705
valid   51762   38305   57978         194890060205353
valid   59049    6562   59076         206173690790977
valid   50920   49193   63086         251072400480057
valid   72629   27835   73967         404682117722064
valid   76903   35131   79273         498168062719418
valid   83692    7364   83711         586607471154432
valid   67402   65601   83802         588522607645609
valid   80020   50313   86166         639746322022297
valid   90000    9001   90030         729729243027001
valid  131769   11980  131802        2289633661021609
valid  151118   39892  152039        3514511861635320
valid  152953   20848  153082        3587338700867369
valid  182458   59728  184567        6287270700212264
valid  186624   15553  186660        6503599432296001
valid  222574   99457  229006       12009932962732217
valid  257049   19774  257088       16992035907305473
valid  219589  190243  259495       17473784790712376
valid  278722  107258  283919       22886710181440560
valid  312915  158967  326033       34656498389077938
valid  345744   24697  345786       41344925854447657
valid  325842  294121  391572       60039198769981249
valid  439312  135097  443530       87250716374977001
valid  455625   30376  455670       94613108299263001
valid  444297  372106  518292      139227016349153089
valid  547705  243876  563370      178805613864753001
valid  579621  191709  586529      201775517560513890
valid  589824   36865  589872      205245358597582849
valid  583918  336820  619111      237304274494464632
valid  713337  198550  718428      370808559472738753
valid  751689   44218  751740      424818067368024001
valid  780232  434905  822898      557234530012414793
valid  734217  590896  844422      602113852359839449
valid  822825  436626  861920      640325613989888001
valid  867679  466727  910541      754915805477470422
valid  944784   52489  944838      843474689247488473
valid  944409  298405  954237      868897917244990054
valid  912121  692518 1029448     1090971090967163393
valid 1111126  584945 1162730     1571942420438417001
valid 1159696  267369 1164414     1578782323417789945
valid 1172889   61732 1172946     1613741826763246537
valid 1017073  835582 1178194     1635499517100925385
valid 1235098  598938 1280367     2098956395655190864
valid 1329252  840457 1432950     2942341724397375001
valid 1440000   72001 1440060     2986357263552216001
valid 1750329   83350 1750392     5362977306796236289
valid 1764081  391926 1770506     5549990101880714217
