 L      =           76 M      =           92 MLFIX  =            0
 SURTYP =    0.000E+00 SURTYP =    0.000E+00 SURFWIN=    1.000E+00
 DX     =    1.270E+05 DY     =    1.270E+05 DT     =    4.320E+04
 H0     =    1.000E-01 PSTAR  =    5.000E+03 WT     =    1.300E+00
 ZOI    =    1.000E-03 SINWIN =    0.000E+00 COSWIN =    1.000E+00
 QTOC   =    2.000E+00 CDWIN  =    1.200E-03 CDWAT  =    5.500E-03
 TIME    ICE     ICE     ICE     SNOW    ICE OUTFLOW   AVG. HEAT FLUXES
 STEP   VOLUME  EXTENT   AREA   VOLUME          CUMM    OCEAN    ATMOS 
        10**3   10**6   10**6   10**3   10**2   10**3              10  
        KM**3   KM**2   KM**2   KM**3   KM**3   KM**3  W/M**2    W/M**2
    0  0.0000  0.0000  0.0000  0.0000
    1  0.3510  4.0823  3.2048  0.0000  0.0000  0.0000 -3.5282  70.631
 
       DAY     1  ARRAY :                                           H*10 [M]
   0  0  0  0  0  0  0  0  0  0                                                                                 
   0  0  0  0  0     0     0  0  0  0                                                                           
   0  0  0  0  0  0  0  0     0                                                                                 
   0  0  0  0  0  0  0  0  0                                                                                    
   0  0  0     0  0  0  0                                                                                       
   0  0  0  0  0  0  0  0                                                                                       
   0  0  0  0     0  0                                                                                          
   0  0  0  0  0  0  0                                                                                      0   
   0  0  0  0     0  0                                                                                   0  0  0
   0  0  0  0  0  0  0  1                                                                          0     0      
   0  0  0  0  0  0  0  0                                                                          0  0  0      
   0  0  0  0  0  0  0  0  0  0                                                                    0  0  0      
   0  0  0  0  0  0  0  0  0  0                                                                                0
   0  0  0  0  0  0  0  0  0  0                                                                                0
   0  0  0  0  0     0  0  0                                                                                   0
   0  0  0  0  0  0     0                                                                                      0
   0  0  0  0  0  0     0  0                                      0     0  0                                   0
   0  0  0  0  0  0  0                       0  0  0     0  0  0  0  0  0  0  0                                 
   0  0  0  0  0  0  0                 0  0     0  0  0  0  0  0  0     0  0  0  0  0                           
   0  0  0  0  0  0  0              0  0  0  0  0  0  0  0  1  1  0  0  0  0  0  0                              
   0  0  0  0  0  0  0  0        0  0  0  0  0  0  0  0  0  2  1  0  0  0  0  0        0        0  0  0         
   0  0  0  0  0  0  0  0  0     0  0  0  0  0  0  1  0  0  1  1  0  0  0  0  0  0        0  0  0  0  0         
   0  0  0  0  0  0  0  0     0  0  0  0  0  0  0  0  0  0  0  0  0  0     0  0  0  0  0           0  0         
   0  0  0  0  0  0  0  0  0  0  0  0  0  0  0  0  0  0  0  0  0  0  0  0  0  0  0  0  0  0        0            
   0  0  0  0  0  0                 0  0  0  0  0  0  0  1  1  2  0  0  0  0  0  0  0  0  0  0  0  0  0         
   0  0  0  0  0  0                 0  0  0  0  0  0  0  0  0           0  0  0  0  0  0  0  0  0  0  0  0      
   0  0  0  0  0  0  0              0  0  0  0  0  0  0     0        2  2  0  0  0  0  0  0  0              0   
   0  0  0  0  0  0  0              0  0  0  0  0  0        1           2  1  0  0  0  0  0  0  0  0  0  0  0  0
   0  0  0  0  0  0  0                 0     0  0     0     0  0           1  0  0     0  0  0  0  0  0  0  0  0
   0  0  0  0  0  0  0  0                 0     0  0  0  0  0  0              0  0  0  0  0  0  0  0  0  0  0  0
   0  0  0  0  0  0  0                    0     0        0  0  0  0  0        0  0  0  0  0  0  0  0  0  0  0  0
   0  0  0  0  0  0  0                          0     0  0     0  0  0        0  0  0  0  0  0  0  0  0  0  0  0
   0  0  0  0  0  0  0                                   0  0     0  0  0     0  0  0  0  0  0  0  0  0  0  0  0
   0  0  0  0  0  0  0                                0  0  0     0  0  0  0  0  0  0  0  0  0  0  0  0  0  0  0
   0  0  0  0  0  0                             0  0  0  0  0  0  0  0  0  0  0  0  0  0  0  0  0  0  0  0  0  0
   0  0  0  0  0  0                             0  0  0  0        0  0  0  0  0  0  0  0  0  0  0  0  0  0  0  0
   0  0  0  0  0                                0  0  0  0              0  0  0  0  0  0  0  0  0  0  0  0  0  0
   0  0  0  0                                         0  0                    0  0  0  0  0  0  0  0  0  0  0  0
   0  0  0  0                                            0                 0  0  0  0  0  0  0  0  0  0  0  0  0
   0  0  0                                                           0  0  0  0  0  0  0  0  0  0  0  0  0  0  0
   0  0  0                                                              0  0  0  0  0  0  0  0  0  0  0  0  0  0
   0  0  0                                                                 0  0  0  0  0  0  0  0  0  0  0  0  0
   0  0  0                                                           0  0  0  0  0  0  0  0  0  0  0  0  0  0  0
   0  0  0                                                        0  0  0  0  0  0  0  0  0  0  0  0  0  0  0  0
   0  0  0  0                                                  0  0  0  0  0  0  0  0  0  0  0  0  0  0  0  0  0
   0  0  0  0                                                  0  0  0  0  0  0  0  0  0  0  0  0  0  0  0  0  0
 
       DAY     1  ARRAY :                                              A [%]
   0  0  0  0  0  0  0  0  0  0                                                                                 
   0  0  0  0  0     0     0  0  0  0                                                                           
   0  0  0  0  0  0  0 34     0                                                                                 
   0  0  0  0  0  0  0  0 45                                                                                    
   0  0  0     0  0  0  0                                                                                       
   0  0  0  0  0  0  0  0                                                                                       
   0  0  0  0     0  0                                                                                          
   0  0  0  0  0  0  0                                                                                      0   
   0  0  0  0    30  0                                                                                   0  0  0
   0  0  0  0  0  0  0100                                                                         15     0      
   0  0  0  0  0  0  0 56                                                                          0  0  0      
   0  0  0  0  0  0  0  0  0  0                                                                   28  0  6      
   0  0  0  0  0  0  0  0  0  0                                                                                0
   0  0  0  0  0  0  0  0  0  0                                                                                0
   0  0  0  0  0     0  0  0                                                                                   0
   0  0  0  0  0  0     0                                                                                      0
   0  0  0  0  0  0     0 46                                      0     0  0                                  14
   0  0  0  0  0  0  0                       0  0  0     0 84  0  0  0  0  0  0                                 
   0  0  0  0  0  0  0                 0  0     0  0  0  0100  0  0     0  0  0  0 13                           
   0  0  0  0  0  0  0              0  0  0100  0  0  0  0 68100  0  0  0  0  0  0                              
   0  0  0  0  0  0  0 59        0  0  0  0  0  0  0  0 37100100  0  0  0  0  0        5        0  0  5         
   0  0  0  0  0  0  0  0  0     0  0  0  0  0  0100  0 62100100  0  0  0  0  0  0       20 13  7  0  0         
   0  0  0  0  0  0  0  0     0  0  0  0  0  0  0  0  0 84100  0  0  0     0  0  0  0  0           0  0         
   0  0  0  0  0  0  0  0  0  0  0  0  0100100  0  0  0100100  0  0  0  0  0  0  0  0  0  0        0            
   0  0  0  0  0  0                 0100100  0  0  0  0100100 79 70  0  0  0  0  0  0  0  0  0  0  0  0         
   0  0  0  0  0 11                 0100  0  0  0  0100 80 56           0  0  0  0  0  0  0  0  0  0  0  0      
   0  0  0  0  0  0 33              0  0  0  0  0  0  0    84      100100  0  0  0  0  0  0  0              0   
   0  0  0  0  0  0  0              0  0  0  0  0  0      100         100100  0  0  0  0  0  0  0  0  0  0  0  0
   0  0  0  0  0  0  0                 0     0  0    96     0100         100  0  0     0  0  0  0  0  0  0  0  0
   0  0  0  0  0  0  0 61                 0     0  0  0  0  0  0              0  0  0  0  0  0  0  0  0  0  0  0
   0  0  0  0  0  0  0                   86    83      100  0  0  0  0        0  0  0  0  0  0  0  0  0  0  0  0
   0  0  0  0  0  0  0                         96    52  0     0  0  0        0  0  0  0  0  0  0  0  0  0  0  0
   0  0  0  0  0  0  0                                   0  0     0  0  0    99  0  0  0  0  0  0  0  0  0  0  0
   0  0  0  0  0  0  0                               52  0 45     0  0  0  0  0  0  0  0  0  0  0  0  0  0  0  0
   0  0  0  0  0  0                            78  0  0  0 40  0  0  0  0  0  0  0  0  0  0  0  0  0  0  0  0  0
   0  0  0  0  0  0                             0  0  0  0        0  0  0  0  0  0  0  0  0  0  0  0  0  0  0  0
   0  0  0  0  0                               70  0  0  0              0  0  0  0  0  0  0  0  0  0  0  0  0  0
   0  0  0  0                                         0  0                    0  0  0  0  0  0  0  0  0  0  0  0
   0  0  0  0                                            0                29  0  0  0  0  0  0  0  0  0  0  0  0
   0  0  0                                                          41  0  0 26  0  0  0  0  0  0  0  0  0  0  0
   0  0  0                                                              0  0  0  0  0  0  0  0  0  0  0  0  0  0
   0  0  0                                                                 0  0  0  0  0  0  0  0  0  0  0  0  0
   0  0  0                                                           0  0  0  0  0  0  0  0  0  0  0  0  0  0  0
   0  0  0                                                        0  0  0  0  0  0  0  0  0  0  0  0  0  0  0  0
   0  0  0  0                                                  0  0  0  0  0  0  0  0  0  0  0  0  0  0  0  0  0
   0  0  0  0                                                  0  0  0  0  0  0  0  0  0  0  0  0  0  0  0  0  0
 
       DAY     1  ARRAY :                                           U [CM/S]
   0  0  0 -0 -0 -0 -0 -0  0  0                                                                                 
   0  0 -0  0  0  0  0     0  0  0                                                                              
   0  0  0  0  0  0  0  0     0                                                                                 
   0  0  0     0  0  0  0                                                                                       
   0  0  0     0  0 -0  0                                                                                       
   0  0  0     0  0  0                                                                                          
   0  0  0  0  0  0  0                                                                                          
   0  0  0  0  0  0  0                                                                                  -0 -0   
   0  0  0  0  0  0  0                                                                               -0 -0 -0   
   0  0  0  0  0  0  0                                                                               -0 -0      
   0  0  0  0  0  0  0                                                                            -0 -0         
   0  0  0  0  0 -0 -0 -0 -0 -0                                                                                 
  -0 -0  0  0  0 -0 -0 -0 -0 -0                                                                                0
   0  0  0  0 -0 -0 -0 -0 -0                                                                               -0  0
   0  0  0 -0 -0    -0 -0                                                                                  -0 -0
  -0 -0 -0 -0 -0       -0                                                                                     -0
  -0 -0 -0 -0 -0 -0    -0                    0 -0  0           0  0  0  0  0                                    
  -0 -0 -0 -0 -0 -0 -0                      -0 -0 -0  0  0  0  0  0  0  0  0  0  0                              
  -0 -0 -0 -0 -0 -0 -0              0  0  0 -0 -0 -0  0  0  0  0  0  0  0  0  0     0                           
   0  0  0  0  0 -0 -0          -0  0  0  0  0 -0 -0  0  0  0  0  0  0  0  0  0                                 
   0  0  0  0  0 -0 -0  0        0  0  0  0  0  0 -0  0  0  0  0  0  0  0  0  0        0 -0 -0 -0 -0            
   0  0  0  0  0 -0 -0 -0     0  0  0  0  0  0  0 -0 -0  0  0  0  0  0  0  0  0  0                              
   0  0  0  0  0 -0 -0 -0  0  0  0  0  0  0  0  0  0 -0  0  0  0  0  0  0  0  0  0  0 -0       -0 -0            
  -0 -0 -0 -0 -0 -0 -0  0  0  0  0  0  0  0  0  0 -0 -0  0  0  0  0  0  0  0  0  0 -0 -0  0    -0 -0 -0         
  -0 -0 -0 -0 -0 -0              0  0  0  0  0 -0 -0 -0  0  0  0  0  0  0  0  0 -0 -0 -0 -0 -0 -0 -0 -0         
  -0 -0 -0 -0 -0                    0  0  0  0 -0 -0  0  0  0           0  0  0 -0 -0 -0 -0 -0 -0 -0 -0         
  -0 -0 -0 -0 -0                    0  0  0  0 -0  0                       0  0 -0  0 -0 -0 -0 -0 -0    -0 -0   
  -0 -0 -0 -0 -0  0  0              0  0  0 -0  0  0    -0                    0 -0    -0 -0 -0 -0       -0 -0 -0
   0 -0 -0 -0 -0 -0 -0                 0    -0  0       -0 -0 -0             -0 -0  0  0 -0 -0 -0 -0 -0 -0 -0 -0
   0  0 -0 -0 -0 -0 -0                         -0  0  0  0 -0 -0              0  0 -0 -0  0  0  0 -0 -0 -0 -0 -0
   0  0 -0 -0 -0 -0 -0                         -0  0        0 -0 -0 -0       -0 -0 -0 -0 -0 -0  0  0 -0 -0 -0 -0
   0  0  0  0 -0 -0 -0                                  -0    -0 -0 -0       -0 -0 -0 -0 -0 -0 -0 -0 -0 -0 -0 -0
   0  0  0  0  0 -0 -0                                0 -0       -0  0  0    -0 -0 -0 -0 -0 -0 -0 -0 -0 -0 -0 -0
   0  0  0  0  0 -0                                0 -0  0 -0    -0  0  0  0 -0 -0 -0 -0  0 -0 -0 -0 -0  0  0  0
   0  0  0  0  0 -0                             0  0  0 -0    -0 -0 -0  0  0  0 -0 -0 -0 -0  0  0 -0 -0 -0  0  0
   0  0  0  0  0  0                             0  0  0 -0          -0  0  0  0  0  0  0  0  0  0  0 -0 -0  0  0
   0  0  0  0  0                                   0  0 -0              0  0  0  0  0  0  0  0  0  0  0 -0 -0  0
   0  0  0  0                                         0 -0                    0  0  0  0  0  0  0  0  0  0  0 -0
   0  0  0                                              -0                 0  0  0  0  0  0  0  0  0  0  0  0 -0
   0  0 -0                                                              0  0  0  0  0  0  0  0  0  0  0  0  0  0
   0  0  0                                                             -0  0  0  0  0  0  0  0  0  0  0  0  0  0
   0  0  0                                                                 0  0  0  0  0  0  0  0  0  0  0  0  0
   0  0  0                                                          -0 -0 -0  0  0  0  0  0  0  0  0  0  0  0  0
   0  0  0                                                       -0 -0 -0 -0 -0  0  0  0  0  0  0  0  0  0  0  0
   0  0  0                                                    -0 -0 -0 -0 -0 -0 -0 -0 -0 -0  0  0  0  0  0  0  0
                                                                                                                
 
       DAY     1  ARRAY :                                           V [CM/S]
  -0  0  0 -0 -0 -0 -0 -0 -0 -0                                                                                 
  -0  0 -0 -0 -0 -0 -0    -0  0  0                                                                              
   0 -0 -0 -0  0  0 -0  0     0                                                                                 
  -0 -0 -0     0  0  0  0                                                                                       
  -0 -0 -0    -0 -0 -0 -0                                                                                       
  -0 -0 -0     0 -0 -0                                                                                          
  -0 -0  0  0  0  0 -0                                                                                          
  -0  0  0  0  0  0 -0                                                                                  -0 -0   
   0  0  0  0  0  0 -0                                                                               -0 -0 -0   
   0  0  0  0  0  0  0                                                                                0  0      
   0  0  0  0  0  0  0                                                                            -0  0         
   0  0  0  0  0  0  0 -0 -0 -0                                                                                 
   0  0  0  0  0  0  0 -0 -0 -0                                                                                0
   0  0  0  0  0  0  0 -0 -0                                                                               -0 -0
   0  0  0  0  0    -0 -0                                                                                  -0 -0
   0  0  0  0 -0       -0                                                                                     -0
   0  0  0  0 -0 -0    -0                    0  0  0           0  0  0  0  0                                    
   0  0  0  0  0 -0 -0                       0  0  0  0  0  0 -0  0  0  0  0  0  0                              
   0  0 -0 -0 -0 -0 -0              0  0  0  0  0  0  0  0  0  0 -0 -0  0  0  0     0                           
  -0 -0 -0 -0 -0 -0 -0           0  0  0  0  0  0  0  0  0 -0 -0  0 -0  0  0  0                                 
  -0 -0 -0 -0 -0 -0 -0 -0        0  0  0  0  0  0  0  0 -0 -0 -0  0  0  0  0  0        0 -0 -0 -0 -0            
  -0 -0 -0 -0 -0 -0 -0 -0     0  0  0  0  0  0  0  0  0 -0 -0  0  0  0  0  0  0  0                              
  -0 -0 -0 -0 -0 -0 -0 -0 -0  0  0  0  0  0  0  0  0  0 -0 -0  0  0  0  0  0  0  0  0  0       -0 -0            
   0  0  0  0  0 -0 -0 -0 -0 -0  0  0  0  0  0  0  0  0  0  0  0  0  0  0  0  0  0  0  0  0    -0 -0 -0         
   0  0  0  0  0 -0              0  0  0  0  0  0  0  0  0  0  0  0  0  0  0  0  0  0  0  0  0  0  0 -0         
  -0 -0 -0  0  0                    0  0  0  0  0  0  0  0  0           0  0 -0 -0  0  0  0  0  0  0  0         
  -0 -0 -0 -0 -0                   -0  0  0  0  0  0                       0 -0 -0 -0  0  0  0  0  0     0  0   
  -0 -0 -0 -0 -0 -0 -0              0  0  0  0  0 -0     0                   -0 -0    -0  0  0  0        0  0  0
  -0 -0 -0 -0 -0 -0 -0                 0     0  0        0  0  0             -0 -0 -0 -0  0  0  0  0  0  0  0  0
   0 -0 -0 -0 -0 -0 -0                          0  0  0  0  0  0             -0 -0 -0 -0 -0 -0  0  0  0  0  0  0
   0  0  0 -0 -0 -0 -0                          0  0        0  0  0  0       -0 -0 -0  0  0  0 -0 -0  0  0  0  0
   0  0  0  0 -0 -0 -0                                   0     0  0 -0       -0 -0 -0  0  0  0  0  0 -0 -0 -0  0
   0  0  0  0  0 -0 -0                               -0  0        0  0 -0    -0 -0 -0  0  0  0  0  0 -0 -0 -0 -0
   0  0  0  0  0  0                               -0  0 -0  0     0  0 -0 -0 -0 -0  0  0  0  0  0  0  0 -0 -0 -0
   0  0  0  0  0  0                            -0 -0 -0 -0     0  0  0 -0 -0 -0 -0 -0  0  0  0  0  0  0  0 -0 -0
   0  0  0  0  0  0                            -0 -0 -0 -0           0 -0 -0 -0 -0 -0  0  0  0  0  0  0  0  0 -0
   0  0  0  0  0                                  -0 -0  0              0 -0 -0 -0  0  0  0  0  0 -0  0  0  0  0
   0  0  0  0                                        -0  0                   -0 -0 -0  0  0  0 -0 -0  0  0  0  0
   0  0  0                                               0                -0  0 -0 -0 -0  0 -0 -0 -0 -0  0  0  0
   0  0  0                                                              0 -0 -0 -0 -0 -0 -0 -0 -0 -0 -0  0 -0  0
   0  0  0                                                              0  0 -0 -0 -0 -0 -0 -0 -0 -0 -0  0 -0 -0
  -0 -0 -0                                                                 0 -0 -0 -0 -0 -0 -0 -0 -0 -0 -0 -0 -0
  -0 -0 -0                                                           0  0  0 -0 -0 -0 -0 -0 -0 -0 -0 -0 -0 -0 -0
  -0 -0 -0                                                        0  0  0 -0 -0 -0 -0 -0 -0 -0 -0 -0 -0 -0 -0 -0
  -0 -0 -0                                                     0  0  0  0 -0 -0 -0 -0 -0 -0 -0 -0 -0 -0 -0 -0 -0
                                                                                                                
 
       DAY     1  ARRAY :                                         HSNOW [CM]
   0  0  0  0  0  0  0  0  0  0                                                                                 
   0  0  0  0  0     0     0  0  0  0                                                                           
   0  0  0  0  0  0  0  0     0                                                                                 
   0  0  0  0  0  0  0  0  0                                                                                    
   0  0  0     0  0  0  0                                                                                       
   0  0  0  0  0  0  0  0                                                                                       
   0  0  0  0     0  0                                                                                          
   0  0  0  0  0  0  0                                                                                      0   
   0  0  0  0     0  0                                                                                   0  0  0
   0  0  0  0  0  0  0  0                                                                          0     0      
   0  0  0  0  0  0  0  0                                                                          0  0  0      
   0  0  0  0  0  0  0  0  0  0                                                                    0  0  0      
   0  0  0  0  0  0  0  0  0  0                                                                                0
   0  0  0  0  0  0  0  0  0  0                                                                                0
   0  0  0  0  0     0  0  0                                                                                   0
   0  0  0  0  0  0     0                                                                                      0
   0  0  0  0  0  0     0  0                                      0     0  0                                   0
   0  0  0  0  0  0  0                       0  0  0     0  0  0  0  0  0  0  0                                 
   0  0  0  0  0  0  0                 0  0     0  0  0  0  0  0  0     0  0  0  0  0                           
   0  0  0  0  0  0  0              0  0  0  0  0  0  0  0  0  0  0  0  0  0  0  0                              
   0  0  0  0  0  0  0  0        0  0  0  0  0  0  0  0  0  0  0  0  0  0  0  0        0        0  0  0         
   0  0  0  0  0  0  0  0  0     0  0  0  0  0  0  0  0  0  0  0  0  0  0  0  0  0        0  0  0  0  0         
   0  0  0  0  0  0  0  0     0  0  0  0  0  0  0  0  0  0  0  0  0  0     0  0  0  0  0           0  0         
   0  0  0  0  0  0  0  0  0  0  0  0  0  0  0  0  0  0  0  0  0  0  0  0  0  0  0  0  0  0        0            
   0  0  0  0  0  0                 0  0  0  0  0  0  0  0  0  0  0  0  0  0  0  0  0  0  0  0  0  0  0         
   0  0  0  0  0  0                 0  0  0  0  0  0  0  0  0           0  0  0  0  0  0  0  0  0  0  0  0      
   0  0  0  0  0  0  0              0  0  0  0  0  0  0     0        0  0  0  0  0  0  0  0  0              0   
   0  0  0  0  0  0  0              0  0  0  0  0  0        0           0  0  0  0  0  0  0  0  0  0  0  0  0  0
   0  0  0  0  0  0  0                 0     0  0     0     0  0           0  0  0     0  0  0  0  0  0  0  0  0
   0  0  0  0  0  0  0  0                 0     0  0  0  0  0  0              0  0  0  0  0  0  0  0  0  0  0  0
   0  0  0  0  0  0  0                    0     0        0  0  0  0  0        0  0  0  0  0  0  0  0  0  0  0  0
   0  0  0  0  0  0  0                          0     0  0     0  0  0        0  0  0  0  0  0  0  0  0  0  0  0
   0  0  0  0  0  0  0                                   0  0     0  0  0     0  0  0  0  0  0  0  0  0  0  0  0
   0  0  0  0  0  0  0                                0  0  0     0  0  0  0  0  0  0  0  0  0  0  0  0  0  0  0
   0  0  0  0  0  0                             0  0  0  0  0  0  0  0  0  0  0  0  0  0  0  0  0  0  0  0  0  0
   0  0  0  0  0  0                             0  0  0  0        0  0  0  0  0  0  0  0  0  0  0  0  0  0  0  0
   0  0  0  0  0                                0  0  0  0              0  0  0  0  0  0  0  0  0  0  0  0  0  0
   0  0  0  0                                         0  0                    0  0  0  0  0  0  0  0  0  0  0  0
   0  0  0  0                                            0                 0  0  0  0  0  0  0  0  0  0  0  0  0
   0  0  0                                                           0  0  0  0  0  0  0  0  0  0  0  0  0  0  0
   0  0  0                                                              0  0  0  0  0  0  0  0  0  0  0  0  0  0
   0  0  0                                                                 0  0  0  0  0  0  0  0  0  0  0  0  0
   0  0  0                                                           0  0  0  0  0  0  0  0  0  0  0  0  0  0  0
   0  0  0                                                        0  0  0  0  0  0  0  0  0  0  0  0  0  0  0  0
   0  0  0  0                                                  0  0  0  0  0  0  0  0  0  0  0  0  0  0  0  0  0
   0  0  0  0                                                  0  0  0  0  0  0  0  0  0  0  0  0  0  0  0  0  0
 
       DAY     1  ARRAY :                                M L TEMP*10 [DEG C]
 235236235235230220200181151141                                                                                 
 235233232228222   184   140130395470                                                                           
 231229226216211177170-19   131                                                                                 
 227221215204171170157135-19                                                                                    
 220215206   165154132110                                                                                       
 214203184-19156131108 89                                                                                       
 207192174138   122102                                                                                          
 192179147123113110 93                                                                                    -18   
 180154129 91   -19 80                                                                                 -18-18-18
 166136111 77 60 64 62-19                                                                        -19   -18      
 153118 82 62 47 43 35-19                                                                        -18-17-18      
 128103 68 45 39 39 39 37 36 36                                                                  -19-19-19      
 111 89 59 40 36 40 43 42 39 35                                                                              -18
  97 78 55 41 37 43 46 47 47 52                                                                              -18
  84 69 54 46 44    48 47 49                                                                                 -18
  84 64 52 47 47-18    40                                                                                    -18
  80 62 52 50 49 47    28-19                                     41    10153                                 -19
  78 63 55 51 49 46 44                      -5 -0 -3   -11-16 -1 -0  5 16 33 43                                 
  80 66 55 51 48 43 36                 5 -3    -1  0-10-12-16-12 -7    13 32 37-19-19                           
  76 64 56 51 47 39 34             -7-10-12-14 -8 -3-11-15-17-17-10 -2 12 29 43-18                              
  76 64 57 51 45 38 32-19        9 -9-12 -7 -8-14-12-10-16-17-17-15 -6 11 32 52      -19       72 81-19         
  76 62 55 50 45 35 26 24 62    -8 -6-10-12-10-14-16-12-16-17-18-15 -6 10 32 58 67      -19-19-19-18-18         
  72 62 55 50 43 31 23 20    13  5 -6 -8-11-14-15-16-15-16-17-16  1 10    37 53 70 77-18         121413         
  73 63 57 51 45 32 20 13 68 22 13 -5-11-16-16-16-15-15-16-17-14 -3  3 12 24 42 65 77 86 86       94            
  78 66 60 55 49 47               -11-16-16-15-14-12-16-17-17-17-17-10 -5  4 26 50 67 79 88 93 95 97101         
  81 71 65 59-17-19                -7-16-16-12-11-11-16-17-17         -12 -7  6 30 48 64 85 94 95 96 97-17      
  84 73 68 65 63-19-19             -8 -7-10-11-10-11-13   -19      -19-19  0  4 22 40 64 84 98            123   
  91 78 68 65 65 66 67             22  7 -3-12 -5-12      -19         -19-19 21 33-18 81 94105111-18-18121131144
  94 80 71 67 66 68 73                10    -6 -6   -19    -7-19         -19 39 55    94102108114118-17127135144
 104 90 79 72 70 73 77-19                18   -10 -6 -7 -6 -6 -6             38 60 78 91101109116122128134140147
 114 99 89 80 78 79 81                  -19   -19      -19 -4 -4 -0 14       31 61 78 89 98107118125133138144150
 118108 96 90 88 88 84                        -19   -19-13    -2 -3  9       39 57 72 83 93105116127136142148152
 127117106 99 98 96 92                                 -12-11     3 12 17   -19 51 67 75 88102115128139147153158
 136126116108104103-18                              -19  0-19     2 17 30 27 31 49 63 73 83100122133144152159164
 145136125118115108                           -19 38 28 21-19  0 -0 17 35 42 44 57 70 79 92105126143149158165170
 155143133128121116                            42 41 36 38        0 13 28 38 45 58 75 90109122141150159163172179
 160148140132125                              -19 41 39 43             30 29 35 45 63 87113137150161167174178185
 161149138126                                        37 45                   23 29 44 71111139162169175182185191
 161149133-17                                           52               -19 27 27 37 58109146169177184189195198
 163147135                                                         -19 48 48-19 57 48 71108164182188192198202208
 162149134                                                             51 57 62 74 82102137170189198201204208214
 165154145                                                                80 91114134151172190200204206213216218
 170159157                                                          80 86119136164183193201206209211214217221225
 174168165                                                      -17101129151182204213210211212213216219224227229
 179173168-17                                                -12138148182195214221220218216217220223226228230233
 187181182202                                                154175195216222226225222219219223227228230234236238
 
       DAY     1  ARRAY :                                   ICE TEMP [DEG C]
  -0 -0 -0 -0 -0 -0 -0 -0 -0 -0                                                                                 
  -0 -0 -0 -0 -0    -0    -0 -0 -0 -0                                                                           
  -0 -0 -0 -0 -0 -0 -0 -0    -0                                                                                 
  -0 -0 -0 -0 -0 -0 -0 -0 -0                                                                                    
  -0 -0 -0    -0 -0 -0 -0                                                                                       
  -0 -0 -0 -0 -0 -0 -0 -0                                                                                       
  -0 -0 -0 -0    -0 -0                                                                                          
  -0 -0 -0 -0 -0 -0 -0                                                                                     -0   
  -0 -0 -0 -0    -0 -0                                                                                  -0 -0 -0
  -0 -0 -0 -0 -0 -0 -0 -0                                                                         -0    -0      
  -0 -0 -0 -0 -0 -0 -0 -0                                                                         -0 -0 -0      
  -0 -0 -0 -0 -0 -0 -0 -0 -0 -0                                                                   -0 -0 -0      
  -0 -0 -0 -0 -0 -0 -0 -0 -0 -0                                                                               -0
  -0 -0 -0 -0 -0 -0 -0 -0 -0 -0                                                                               -0
  -0 -0 -0 -0 -0    -0 -0 -0                                                                                  -0
  -0 -0 -0 -0 -0 -0    -0                                                                                     -0
  -0 -0 -0 -0 -0 -0    -0 -0                                     -0    -0 -0                                  -0
  -0 -0 -0 -0 -0 -0 -0                      -0 -0 -0    -0 -0 -0 -0 -0 -0 -0 -0                                 
  -0 -0 -0 -0 -0 -0 -0                -0 -0    -0 -0 -0 -0 -0 -0 -0    -0 -0 -0 -0 -0                           
  -0 -0 -0 -0 -0 -0 -0             -0 -0 -0 -0 -0 -0 -0 -0 -0 -0 -0 -0 -0 -0 -0 -0                              
  -0 -0 -0 -0 -0 -0 -0 -0       -0 -0 -0 -0 -0 -0 -0 -0 -0 -0 -0 -0 -0 -0 -0 -0       -0       -0 -0 -0         
  -0 -0 -0 -0 -0 -0 -0 -0 -0    -0 -0 -0 -0 -0 -0 -0 -0 -0 -0 -0 -0 -0 -0 -0 -0 -0       -0 -0 -0 -0 -0         
  -0 -0 -0 -0 -0 -0 -0 -0    -0 -0 -0 -0 -0 -0 -0 -0 -0 -0 -0 -0 -0 -0    -0 -0 -0 -0 -0          -0 -0         
  -0 -0 -0 -0 -0 -0 -0 -0 -0 -0 -0 -0 -0 -0 -0 -0 -0 -0 -0 -0 -0 -0 -0 -0 -0 -0 -0 -0 -0 -0       -0            
  -0 -0 -0 -0 -0 -0                -0 -0 -0 -0 -0 -0 -0 -0 -0 -0 -0 -0 -0 -0 -0 -0 -0 -0 -0 -0 -0 -0 -0         
  -0 -0 -0 -0 -0 -0                -0 -0 -0 -0 -0 -0 -0 -0 -0          -0 -0 -0 -0 -0 -0 -0 -0 -0 -0 -0 -0      
  -0 -0 -0 -0 -0 -0 -0             -0 -0 -0 -0 -0 -0 -0    -0       -0 -0 -0 -0 -0 -0 -0 -0 -0             -0   
  -0 -0 -0 -0 -0 -0 -0             -0 -0 -0 -0 -0 -0       -0          -0 -0 -0 -0 -0 -0 -0 -0 -0 -0 -0 -0 -0 -0
  -0 -0 -0 -0 -0 -0 -0                -0    -0 -0    -0    -0 -0          -0 -0 -0    -0 -0 -0 -0 -0 -0 -0 -0 -0
  -0 -0 -0 -0 -0 -0 -0 -0                -0    -0 -0 -0 -0 -0 -0             -0 -0 -0 -0 -0 -0 -0 -0 -0 -0 -0 -0
  -0 -0 -0 -0 -0 -0 -0                   -0    -0       -0 -0 -0 -0 -0       -0 -0 -0 -0 -0 -0 -0 -0 -0 -0 -0 -0
  -0 -0 -0 -0 -0 -0 -0                         -0    -0 -0    -0 -0 -0       -0 -0 -0 -0 -0 -0 -0 -0 -0 -0 -0 -0
  -0 -0 -0 -0 -0 -0 -0                                  -0 -0    -0 -0 -0    -0 -0 -0 -0 -0 -0 -0 -0 -0 -0 -0 -0
  -0 -0 -0 -0 -0 -0 -0                               -0 -0 -0    -0 -0 -0 -0 -0 -0 -0 -0 -0 -0 -0 -0 -0 -0 -0 -0
  -0 -0 -0 -0 -0 -0                            -0 -0 -0 -0 -0 -0 -0 -0 -0 -0 -0 -0 -0 -0 -0 -0 -0 -0 -0 -0 -0 -0
  -0 -0 -0 -0 -0 -0                            -0 -0 -0 -0       -0 -0 -0 -0 -0 -0 -0 -0 -0 -0 -0 -0 -0 -0 -0 -0
  -0 -0 -0 -0 -0                               -0 -0 -0 -0             -0 -0 -0 -0 -0 -0 -0 -0 -0 -0 -0 -0 -0 -0
  -0 -0 -0 -0                                        -0 -0                   -0 -0 -0 -0 -0 -0 -0 -0 -0 -0 -0 -0
  -0 -0 -0 -0                                           -0                -0 -0 -0 -0 -0 -0 -0 -0 -0 -0 -0 -0 -0
  -0 -0 -0                                                          -0 -0 -0 -0 -0 -0 -0 -0 -0 -0 -0 -0 -0 -0 -0
  -0 -0 -0                                                             -0 -0 -0 -0 -0 -0 -0 -0 -0 -0 -0 -0 -0 -0
  -0 -0 -0                                                                -0 -0 -0 -0 -0 -0 -0 -0 -0 -0 -0 -0 -0
  -0 -0 -0                                                          -0 -0 -0 -0 -0 -0 -0 -0 -0 -0 -0 -0 -0 -0 -0
  -0 -0 -0                                                       -0 -0 -0 -0 -0 -0 -0 -0 -0 -0 -0 -0 -0 -0 -0 -0
  -0 -0 -0 -0                                                 -0 -0 -0 -0 -0 -0 -0 -0 -0 -0 -0 -0 -0 -0 -0 -0 -0
  -0 -0 -0 -0                                                 -0 -0 -0 -0 -0 -0 -0 -0 -0 -0 -0 -0 -0 -0 -0 -0 -0
 
       DAY     1  ARRAY :                                  SALT M L *10 -300
  42 42 42 42 40 40 35 27 15 10                                                                                 
  41 41 42 41 41    35    16 12-71-93                                                                           
  41 41 42 41 37 36 36 46    11                                                                                 
  41 42 42 40 36 35 35 34 46                                                                                    
  42 42 41    35 35 35 36                                                                                       
  42 40 38 46 35 35 37 36                                                                                       
  41 39 37 34    36 37                                                                                          
  40 38 35 33 34 37 38                                                                                     46   
  39 36 34 31    47 37                                                                                  46 46 46
  38 35 33 30 27 29 32 49                                                                         47    46      
  38 35 32 29 26 24 22 47                                                                         46 46 46      
  37 34 31 28 27 25 22 20 22 23                                                                   47 46 46      
  36 34 31 29 28 27 24 22 22 22                                                                               46
  35 33 30 28 27 27 27 24 23 24                                                                               46
  33 32 30 28 25    27 26 24                                                                                  46
  33 31 30 29 26 46    27                                                                                     46
  31 30 30 30 29 26    23 47                                    ***    -2***                                  46
  30 29 29 30 30 29 27                     -27-20-13   -82  0  5  4  7  2 25 41                                 
  30 29 29 30 30 28 26               -94***   -22-15-10 -0  6 15 18    38 43 40 46 46                           
  30 28 29 30 30 27 21             -9-18-67-22-19-16 -9  0 11 23 31 40 46 48 47 46                              
  29 28 28 30 30 28 25 48      -69 -2 -9-15-16 -9 -7 -8  0 13 27 36 41 45 47 46       46      ****** 46         
  29 28 28 29 28 25 21 17 -5     4  2 -2 -5 -5  0  8 -0  0 17 28 34 37 40 45 48 45       47 46 46 46 46         
  28 27 27 26 25 20 18 19    12 13  8  3 -1 -1  4 11 14  0 21 26 31 35    47 49 46 36 46         ******         
  28 27 26 24 20 15 14 15-27 15 14  9  3 -1 -3  1  7 10 11 17 21 31 37 44 47 50 51 51 44 34       18            
  28 26 25 22 18 14                 1  1 -0 -3  1  5  6 12 18 13 11 25 35 41 47 50 50 50 49 47 46 47 41         
  28 27 26 23 46 46                -5 -1  3  3  3  3  4 11 18          21 33 42 47 49 49 51 51 50 48 46 46      
  28 27 27 26 23 46 47            -11 -3  3  3  0 -0  3    46       50 49 -6 33 45 47 49 51 51             52   
  28 27 27 27 26 24 21            -11-10 -4 -0 -3 -3       47          50 49 27 41 46 50 51 52 52 46 46 50 52 51
  28 27 27 28 28 27 25               -12    -6 -9    47    27 47          49 43 46    51 52 52 52 52 46 51 51 52
  28 26 26 27 28 28 26 47               -13    -8 -5  4 26 25 23             38 45 51 51 52 52 52 52 52 53 53 53
  28 26 26 26 26 27 19                   47    47       47 12 12 23 25       30 48 50 50 51 51 52 52 53 53 53 53
  28 27 26 25 25 24 13                         47    46 15     9 19 29       36 46 49 49 49 50 51 52 53 53 54 54
  28 27 25 25 25 23 18                                   9-88    21 29 32    48 45 48 48 48 49 50 52 53 54 54 54
  28 26 25 24 24 23 46                               49  2 47    24 33 39 35 37 44 47 47 47 48 51 53 54 54 54 54
  27 26 24 24 23 20                            48 -4  0 -3 46 15 22 34 42 45 44 46 47 47 47 49 52 54 55 55 54 54
  27 25 24 23 23 17                           -20-20-14-15       17 29 31 40 46 45 45 46 48 52 55 55 56 55 55 55
  27 25 24 24 21                               47-26-33-34              1  9 34 40 41 43 47 53 56 57 56 56 55 55
  26 25 25 25                                       -45-45                   16 28 33 37 45 52 57 57 57 56 56 56
  27 26 27 46                                          -33                46  9 19 25 31 42 51 57 58 57 56 56 56
  28 27 29                                                          47  2  8 46 17 21 30 40 54 58 58 57 56 56 57
  29 28 31                                                             -3  5 13 20 27 34 45 54 58 59 57 57 57 58
  30 29 30                                                                13 20 31 39 45 52 57 59 59 57 57 58 59
  31 29 29                                                          21 21 28 34 46 53 56 58 59 59 58 58 58 59 61
  31 29 28                                                       46 27 35 40 50 56 60 60 60 59 59 58 58 59 61 63
  31 30 29 46                                                 46 30 39 49 52 58 60 61 61 60 59 58 58 59 60 62 64
  31 30 29 30                                                 25 40 52 56 58 60 61 60 59 59 58 59 59 60 62 64 65
 
       DAY     1  ARRAY :                                      M L DEPTH [M]
  16 16 17 17 18 20 19 16 15 15                                                                                 
  16 16 16 18 21    18    15 15 13  9                                                                           
  16 16 17 20 17 17 20 75    15                                                                                 
  16 18 18 17 16 17 19 20 75                                                                                    
  18 20 18    16 16 16 17                                                                                       
  21 21 21 75 21 21 22 20                                                                                       
  24 23 23 22    26 29                                                                                          
  25 24 23 24 29 26 39                                                                                     14   
  25 26 24 24    34 35                                                                                  14 14 13
  26 24 25 25 21 20 20 13                                                                          8    14      
  24 23 25 21 19 19 17 44                                                                         14 13 14      
  21 20 20 18 17 17 15 15 15 15                                                                    6 28 19      
  18 19 18 18 16 16 16 15 15 16                                                                               14
  16 17 17 17 16 16 16 16 16 17                                                                               14
  18 18 17 15 15    16 17 16                                                                                  14
  16 15 16 17 15 14    17                                                                                     14
  16 16 16 15 15 16    16 42                                      5    15  5                                  20
  16 15 15 17 18 18 17                      16 16 15     9 15 16 15 15 15 15 15                                 
  15 16 17 18 18 17 17                14  9    16 15 15 15 17 17 18    15 16 15 30 44                           
  15 16 16 17 18 16 16             15 16 15 17 16 15 15 15 18 22 20 20 20 24 21 44                              
  17 16 17 17 17 16 16  9        9 16 16 17 17 17 15 15 15 19 26 28 23 19 20 17        9       15 15 12         
  17 16 16 16 16 16 16 16 15    15 17 17 18 18 18 18 15 16 20 28 25 18 16 18 21 17        5 25 22 14 14         
  16 15 15 15 15 16 16 21    15 17 18 18 19 18 18 18 15 17 21 21 19 17    19 18 16 15  8          11  5         
  14 14 14 14 14 15 17 15  9 15 18 18 19 20 18 17 17 19 25 25 20 17 17 19 23 29 22 21 15 15       15            
  14 14 14 15 15 15                18 22 21 17 16 18 21 26 28 22 18 16 18 18 19 20 21 17 15 15 16 17 15         
  15 15 15 15  6 11                16 20 20 16 16 17 19 21 23          16 17 16 15 19 17 17 16 16 16 15 14      
  17 17 16 16 15 42  8             15 16 16 15 16 15 15    75       16 18 15 15 16 15 15 16 17             15   
  17 18 18 18 16 16 17             15 16 15 15 15 15       49          17  8 16 15 14 16 15 16 16 14 14 15 16 16
  15 19 22 24 21 18 16                16    15 15    27    23 75          13 18 16    17 15 15 15 15 14 15 15 15
  15 15 19 25 26 25 25 12                15    15 15 15 20 20 18             17 15 23 17 17 15 15 15 15 15 15 14
  15 15 14 19 24 23 17                   38    36       38 17 16 16 16       16 20 27 17 16 16 15 15 14 14 14 15
  15 15 15 14 18 19 15                         15    75 15    15 16 16       17 18 21 15 16 17 17 15 15 15 15 15
  15 15 15 15 14 15 16                                  15  6    16 16 16    18 16 16 15 14 16 16 17 15 15 15 15
  15 15 15 14 15 15 14                                5 15 18    17 16 16 16 15 16 19 20 16 14 14 16 15 15 15 15
  15 15 15 14 15 15                             9 16 15 15 64 16 17 18 18 22 20 18 28 43 33 22 16 15 16 15 15 16
  15 15 15 15 15 15                            15 15 15 15       17 19 15 18 39 23 18 20 31 33 26 16 16 16 15 15
  14 14 14 14 14                               14 16 15 15             15 15 18 23 21 23 28 30 31 20 15 15 15 15
  14 14 14 14                                        15 15                   16 17 19 20 23 27 31 22 16 15 15 15
  14 14 14 14                                           15                71 15 16 17 18 22 27 31 22 16 16 15 15
  14 14 14                                                          59 15 15 38 16 17 17 19 30 30 23 17 15 15 15
  14 14 14                                                             15 15 15 16 17 18 21 27 28 23 18 16 15 15
  14 14 14                                                                15 15 16 18 21 23 25 26 21 17 16 15 16
  14 14 14                                                          16 16 15 15 17 22 25 24 23 22 19 16 15 15 16
  14 14 14                                                       14 16 17 16 17 19 22 23 23 21 19 16 15 15 15 15
  14 14 14 14                                                  6 15 17 17 16 19 20 20 22 20 17 15 15 15 16 15 15
  14 14 14 14                                                 15 15 17 17 16 17 17 18 17 16 15 15 15 16 16 15 14
 
       DAY     1  ARRAY :                             OC. HEAT FLUX [W/M**2]
   0  0  0  0  0  0  0  0  0  0                                                                                 
   0  0  0  0  0     0     0  0  0  0                                                                           
   0  0  0  0  0  0  0 -7     0                                                                                 
   0  0  0  0  0  0  0  0-11                                                                                    
   0  0  0     0  0  0  0                                                                                       
   0  0  0  0  0  0  0  0                                                                                       
   0  0  0  0     0  0                                                                                          
   0  0  0  0  0  0  0                                                                                      0   
   0  0  0  0    -8  0                                                                                   0  0  0
   0  0  0  0  0  0  0-25                                                                         -7     0      
   0  0  0  0  0  0  0 -9                                                                          0  0  0      
   0  0  0  0  0  0  0  0  0  0                                                                  -11  0  0      
   0  0  0  0  0  0  0  0  0  0                                                                                0
   0  0  0  0  0  0  0  0  0  0                                                                                0
   0  0  0  0  0     0  0  0                                                                                   0
   0  0  0  0  0  0     0                                                                                      0
   0  0  0  0  0  0     0 -9                                      0     0  0                                  -8
   0  0  0  0  0  0  0                       0  0  0   405  0  0  0  0  0  0  0                                 
   0  0  0  0  0  0  0                 0  0     0  0  0  0  0  0  0     0  0  0  0  0                           
   0  0  0  0  0  0  0              0  0  0  0  0  0  0  0  0  0  0  0  0  0  0  0                              
   0  0  0  0  0  0  0-16        0  0  0  0  0  0  0  0  0  0  0  0  0  0  0  0        2        0  0  0         
   0  0  0  0  0  0  0  0  0     0  0  0  0  0  0  0  0  0  0  0  0  0  0  0  0  0       -9 -7  0  0  0         
   0  0  0  0  0  0  0  0     0  0  0  0  0  0  0  0  0  0  0  0  0  0     0  0  0  0  0           0  0         
   0  0  0  0  0  0  0  0  0  0  0  0  0  0  0  0  0  0  0  0  0  0  0  0  0  0  0  0  0  0        0            
   0  0  0  0  0  0                 0  0  0  0  0  0  0  0  0  0  0  0  0  0  0  0  0  0  0  0  0  0  0         
   0  0  0  0  0 -7                 0  0  0  0  0  0  0  0  0           0  0  0  0  0  0  0  0  0  0  0  0      
   0  0  0  0  0  0-11              0  0  0  0  0  0  0    -6      -35-33  0  0  0  0  0  0  0              0   
   0  0  0  0  0  0  0              0  0  0  0  0  0      -16         -38-29  0  0  0  0  0  0  0  0  0  0  0  0
   0  0  0  0  0  0  0                 0     0  0   -13     0 -4         -28  0  0     0  0  0  0  0  0  0  0  0
   0  0  0  0  0  0  0-14                 0     0  0  0  0  0  0              0  0  0  0  0  0  0  0  0  0  0  0
   0  0  0  0  0  0  0                  -11    -9      -12  0  0  0  0        0  0  0  0  0  0  0  0  0  0  0  0
   0  0  0  0  0  0  0                        -14    -7  0     0  0  0        0  0  0  0  0  0  0  0  0  0  0  0
   0  0  0  0  0  0  0                                   0  0     0  0  0   -16  0  0  0  0  0  0  0  0  0  0  0
   0  0  0  0  0  0  0                              -20  0-10     0  0  0  0  0  0  0  0  0  0  0  0  0  0  0  0
   0  0  0  0  0  0                           -20  0  0  0-14  0  0  0  0  0  0  0  0  0  0  0  0  0  0  0  0  0
   0  0  0  0  0  0                             0  0  0  0        0  0  0  0  0  0  0  0  0  0  0  0  0  0  0  0
   0  0  0  0  0                              -15  0  0  0              0  0  0  0  0  0  0  0  0  0  0  0  0  0
   0  0  0  0                                         0  0                    0  0  0  0  0  0  0  0  0  0  0  0
   0  0  0  0                                            0               -12  0  0  0  0  0  0  0  0  0  0  0  0
   0  0  0                                                         -15  0  0 -8  0  0  0  0  0  0  0  0  0  0  0
   0  0  0                                                              0  0  0  0  0  0  0  0  0  0  0  0  0  0
   0  0  0                                                                 0  0  0  0  0  0  0  0  0  0  0  0  0
   0  0  0                                                           0  0  0  0  0  0  0  0  0  0  0  0  0  0  0
   0  0  0                                                        0  0  0  0  0  0  0  0  0  0  0  0  0  0  0  0
   0  0  0  0                                                  0  0  0  0  0  0  0  0  0  0  0  0  0  0  0  0  0
   0  0  0  0                                                  0  0  0  0  0  0  0  0  0  0  0  0  0  0  0  0  0
 
       DAY     1  ARRAY :                           ATM. HEAT FL./10[W/M**2]
  27 25 38 39 56 82 90 54 50 68                                                                                 
  29 27 22 54 82    81    29 64 97 83                                                                           
  34 31 40 71 51 47 86 23    42                                                                                 
  36 50 53 47 36 49 75 89 31                                                                                    
  56 72 54    34 43 32 33                                                                                       
  82 88 84  7 89 93 81 59                                                                                       
 100102108 89   122116                                                                                          
 115117103 92 94109137                                                                                    -15   
 113122102 77    20122                                                                                 -21-13 -0
 117 99 89 78 71 81 81 88                                                                          9   -25      
  97 77 64 54 54 72 64 38                                                                        -10-23-14      
  65 46 40 35 34 49 25 17 23 26                                                                   18  3  4      
  35 30 22 30 22 25 28 26 26 36                                                                              -25
  12 17 19 22 21 20 23 28 30 55                                                                              -25
  22 20 12  9 14    24 37 40                                                                                 -21
  11  5  9 15  9 -3    33                                                                                     -3
   8 10  7  5  9 24    34 32                                     32    16 33                                   9
   9  6  5 13 21 28 40                     137132 76    17 59 95 59 37 31 18 18                                 
   8  9 18 20 22 26 43                85103   133 87 20 27 70118132    33 20  9  1  9                           
   8 11 13 19 19 23 38             59101119133130 87 19 16 47132133 92 46 28 11  2                              
  18 18 20 20 19 22 33 40       49 80108125138120 84 18 26 71135135 97 52 35 17        3       32 33  3         
  19 13 16 17 20 29 35 45 53    68 96113132133114 77 19 43 84137124 75 39 39 26 19       13  8  5 -8 -5         
   6  3  4  9  8 30 51 98    52 87103119130118 92 60 33 59124137109 69    41 19 17 17 -0          31 26         
  -2 -2 -0 -1 -3 18 74 76 83 80 91101119116 94 65 54 88120125103 71 50 51 51 22 19 21 13 11       32            
  -0 -0 -0  1  9 26                92109 99 68 56 91114118 89 56 49 54 75 54 24 11 21  9 10 14 20 19 13         
   5  7  8  9 -9  7                96 95 79 52 63 88 90 56 40          57 62 28  5 10  8  9  7 10  7  7-14      
  15 14 11 13 17  3 22             79 86 69 43 66 64 45    58      162160 61 36 15  2  1  6  7             10   
  15 20 22 28 22 18 40             70 88 60 42 50 62       85         178 74 50 23 -1  5  3  8  8-48-34  3 11 15
   3 23 33 40 37 27 19                87    44 60    66   122 91         104 54 24    14  3  4  1  1-45  4  5  5
   2  4 24 42 45 47 51 41                77    56 58 58 79 92 95             60 15 19  7  9  3  2  3  3  3  0 -2
   5  4 -0 27 45 44 49                   59    57       72 94 67 58 39       51 31 33  9  6  6  2  2 -0  0 -1  3
   3  2  2 -0 25 38 36                         66    36 44    39 51 33       51 32 19  1  7 12 11  4  2  1  7  5
   9  3  1  2 -0  5 28                                  37 53    57 31 23    67 20  5  0 -1  5  9 12  4  2  5  2
   8  8  2 -0  3  4-29                               34 39 30    60 23 29 26 20 14 14 18  5 -3 -0 11  8  4  9  9
   3 10  8  0  4  5                            52 93 35 34 27 45 61 40 34 42 38 17 38 73 61 32 10  8 16  3  8 18
   0  5  4  4  3  3                            82 98 74 33       55 56 28 45 68 35 23 38 83 73 53 14 12 19  3  8
  -5 -7 -8 -6 -2                               48111 78 26             43 45 59 70 65 81 95 87 70 42  9 15 16  3
 -12-18-18-16                                        57 36                   71 62 72 77 88 91 86 58 21 12 15 13
 -18-17-19-70                                           46                19 53 57 59 64 94 98 96 64 29 19 15 16
 -16-18 -8                                                          27 28 31 17 52 51 60 77103107 79 41 19 19 11
 -13-14-11                                                             36 28 34 45 54 66 85 97102 88 54 25 20 17
  -9 -9-12                                                                18 24 49 68 81 83 88102 80 50 24 18 24
  -3 -1 -8                                                          27 35 19 19 47 69 87 82 83 81 69 32 18 14 26
  -5 -3-11                                                      -40 30 41 27 33 52 65 77 82 73 62 31 21 20 18 15
  -8 -8-14-54                                                -41 25 40 39 26 53 57 62 76 71 43 16  7 15 25 19  2
  -6 -5-15-19                                                 14 18 43 37 26 35 38 46 44 34 16  9  8 25 23  8 -8
 TIME    ICE     ICE     ICE     SNOW    ICE OUTFLOW   AVG. HEAT FLUXES
 STEP   VOLUME  EXTENT   AREA   VOLUME          CUMM    OCEAN    ATMOS 
