   1, 95, 30, 50, 20,-8, 5, 4, 1,-8,-9,-9,-9,-8
   2,100,-88,-88,100,-8,-8,-8, 5,-8,-8,-8, 8,-8
   3,100,-88, 50, 50,-8,-8, 5, 4,-8,-8, 8, 8,-8
   4,100,-88,-88,100,-8,-8,-8, 4,-8,-8,-8, 8,-8
   5,100,-88, 50, 50,-8,-8, 5, 4,-8,-8, 8, 8,-8
   6,100,-88, 20, 80,-8,-8, 4, 1,-8,-8, 8, 8,-8
   7,100,-88, 30, 70,-8,-8, 5, 4,-8,-8,-9,-9,-8
   8,100,-88,-88,100,-8,-8,-8, 4,-8,-8,-8, 8,-8
   9, 80,-88, 20, 60,-8,-8, 4, 1,-8,-8,-9,-9,-8
  10, 50,-88,-88, 50,-8,-8,-8, 1,-8,-8,-8,-9,-8
  11,100,-88,-88,100,-8,-8,-8, 4,-8,-8,-8, 8,-8
  12,100,-88, 80, 20,-8,-8, 5, 4,-8,-8,-9,-9,-8
  13, 95,-88, 20, 80,-8,-8, 4, 1,-8,-8,-9,-9,-8
  14,100,-88,-88,100,-8,-8,-8, 5,-8,-8,-8, 8,-8
  15,  0,-88,-88,-88,-8,-8,-8,-8,-8,-8,-8,-8,-8
  16, 50,-88,-88, 50,-8,-8,-8, 1,-8,-8,-8,-9,-8
  17,100,-88,-88,100,-8,-8,-8, 4,-8,-8,-8, 8,-8
  18,  0,-88,-88,-88,-8,-8,-8,-8,-8,-8,-8,-8,-8
  19,100,-88,-88,100,-8,-8,-8, 4,-8,-8,-8, 8,-8
  20,100,-88, 50, 50,-8,-8, 5, 4,-8,-8, 8, 8,-8
  21,100,-88, 50, 50,-8,-8, 5, 4,-8,-8, 8, 8,-8
  22, 95,-88, 30, 70,-8,-8, 5, 4,-8,-8,-9,-9,-8
  23,100,-88, 80, 20,-8,-8, 5, 4,-8,-8, 8, 8,-8
  24, 50,-88, 20, 30,-8,-8, 4, 1,-8,-8,-9,-9,-8
  25, 95,-88, 80, 20,-8,-8, 4, 1,-8,-8,-9,-9,-8
  26,100,-88, 40, 60,-8,-8, 5, 4,-8,-8, 8, 8,-8
  27,100,-88,-88,100,-8,-8,-8, 4,-8,-8,-8, 8,-8
  28,100,-88, 50, 50,-8,-8, 5, 4,-8,-8, 8, 8,-8
  29, 50,-88, 20, 30,-8,-8, 4, 1,-8,-8,-9,-9,-8
  30,100,-88,-88,100,-8,-8,-8, 5,-8,-8,-8, 8,-8
  31, 80,-88, 20, 60,-8,-8, 4, 1,-8,-8,-9,-9,-8
  32,  0,-88,-88,-88,-8,-8,-8,-8,-8,-8,-8,-8,-8
  33, 95,-88, 20, 80,-8,-8, 4, 1,-8,-8,-9,-9,-8
  34, 95,-88, 80, 20,-8,-8, 4, 1,-8,-8,-9,-9,-8
  35,100,-88,-88,100,-8,-8,-8, 4,-8,-8,-8, 8,-8
  36,100,-88,-88,100,-8,-8,-8, 4,-8,-8,-8, 8,-8
  37, 80,-88, 20, 60,-8,-8, 4, 1,-8,-8,-9,-9,-8
  38,100,-88, 50, 50,-8,-8, 4, 1,-8,-8, 8, 8,-8
  39,100,-88, 50, 50,-8,-8, 7, 5,-8,-8, 8, 8,-8
  40, 50,-88, 20, 30,-8,-8, 4, 1,-8,-8,-9,-9,-8
  41, 80,-88, 20, 60,-8,-8, 4, 1,-8,-8,-9,-9,-8
  42,100,-88, 70, 30,-8,-8, 7, 5,-8,-8, 8, 8,-8
  43, 95,-88, 20, 80,-8,-8, 4, 1,-8,-8,-9,-9,-8
  44,100,-88,-88,100,-8,-8,-8, 4,-8,-8,-8, 8,-8
  45,100,-88, 50, 50,-8,-8, 7, 5,-8,-8, 8, 8,-8
  46,100,-88, 50, 50,-8,-8, 7, 5,-8,-8, 8, 8,-8
  47,100,-88, 40, 60,-8,-8, 5, 4,-8,-8, 8, 8,-8
  48,100,-88, 30, 70,-8,-8, 5, 4,-8,-8,-9,-9,-8
  49,100,-88, 30, 70,-8,-8, 5, 4,-8,-8,-9,-9,-8
  50,  0,-88,-88,-88,-8,-8,-8,-8,-8,-8,-8,-8,-8
  51, 95, 20, 60, 20,-8, 5, 4, 1,-8,-9,-9,-9,-8
  52,100,-88,-88,100,-8,-8,-8, 4,-8,-8,-8, 8,-8
  53, 95,-88, 20, 80,-8,-8, 4, 1,-8,-8,-9,-9,-8
  54, 95,-88, 80, 20,-8,-8, 4, 1,-8,-8,-9,-9,-8
  55, 80,-88, 40, 40,-8,-8, 4, 1,-8,-8,-9,-9,-8
  56, 80,-88, 20, 60,-8,-8, 4, 1,-8,-8,-9,-9,-8
  57, 95,-88, 80, 20,-8,-8, 4, 1,-8,-8,-9,-9,-8
  58, 50,-88,-88, 50,-8,-8,-8, 1,-8,-8,-8,-9,-8
  59,100,-88,-88,100,-8,-8,-8, 4,-8,-8,-8, 8,-8
  60, 40,-88, 20, 20,-8,-8, 4, 1,-8,-8,-9,-9,-8
  61, 95,-88, 50, 50,-8,-8, 4, 1,-8,-8,-9,-9,-8
  62,  0,-88,-88,-88,-8,-8,-8,-8,-8,-8,-8,-8,-8
  63, 80,-88,-88, 80,-8,-8,-8, 1,-8,-8,-8,-9,-8
  64, 80,-88, 20, 60,-8,-8, 4, 1,-8,-8,-9,-9,-8
  65,100,-88,-88,100,-8,-8,-8, 4,-8,-8,-8, 8,-8
  66,100,-88,-88,100,-8,-8,-8, 7,-8,-8,-8, 8,-8
  67,100,-88,-88,100,-8,-8,-8, 4,-8,-8,-8, 8,-8
  68,100,-88,-88,100,-8,-8,-8, 5,-8,-8,-8, 8,-8
  69, 95,-88, 80, 20,-8,-8, 4, 1,-8,-8,-9,-9,-8
  70,100,-88,-88,100,-8,-8,-8, 5,-8,-8,-8, 8,-8
  71,100,-88,-88,100,-8,-8,-8, 4,-8,-8,-8, 8,-8
  72, 95,-88, 80, 20,-8,-8, 4, 1,-8,-8,-9,-9,-8
  73,100,-88,-88,100,-8,-8,-8, 7,-8,-8,-8, 8,-8
  74, 95,-88, 80, 20,-8,-8, 4, 1,-8,-8,-9,-9,-8
  75,100,-88,-88,100,-8,-8,-8, 5,-8,-8,-8, 8,-8
  76,100,-88,-88,100,-8,-8,-8, 4,-8,-8,-8, 8,-8
  77,100,-88,-88,100,-8,-8,-8, 4,-8,-8,-8, 8,-8
  78,100,-88,-88,100,-8,-8,-8, 4,-8,-8,-8, 8,-8
  79,100,-88,-88,100,-8,-8,-8, 4,-8,-8,-8, 8,-8
  80,100,-88,-88,100,-8,-8,-8, 4,-8,-8,-8, 8,-8
  81, 20,-88, 10, 10,-8,-8, 4, 1,-8,-8,-9,-9,-8
  82, 80,-88,-88, 80,-8,-8,-8, 1,-8,-8,-8,-9,-8
  83, 80,-88,-88, 80,-8,-8,-8, 1,-8,-8,-8,-9,-8
  84, 50,-88,-88, 50,-8,-8,-8, 1,-8,-8,-8,-9,-8
  85,100,-88,-88,100,-8,-8,-8, 4,-8,-8,-8, 8,-8
  86, 95,-88, 80, 20,-8,-8, 4, 1,-8,-8,-9,-9,-8
  87, 50,-88,-88, 50,-8,-8,-8, 1,-8,-8,-8,-9,-8
  88, 95,-88, 20, 80,-8,-8, 4, 1,-8,-8,-9,-9,-8
  89, 95,-88, 20, 80,-8,-8, 4, 1,-8,-8,-9,-9,-8
