1096.60 3026.95 5043.95  409  289  Hudson_Bay           
1503.51 2901.55 7319.39  505  289  Sea_of_Okhotsk       
2580.71 1847.82 6779.47  610  247  Bering_Sea           
 675.64  979.25 2132.41  409  211  Baffin_Bay           
1687.00 1758.54 5417.12  409  283  Labrador_Sea         
 191.21 1076.21 1981.22  262  133  Gulf_of_St_Lawrence  
 303.77 1688.64 2593.91  302  199  Baltic_Sea           
  28.06  964.83 1220.09  193  109  Sea_of_Azov          
  34.95  538.67  746.06  193  127  Gulf_of_Ob           
  29.29  592.24  848.49  229  103  White_Sea            
 996.88 1952.30 4745.37  259  295  Sea_of_Japan         
 433.27 2042.48 3091.88  199  229  Yellow_Sea           
 402.19 2117.84 2714.40  265  169  Black_Sea            
  30.94  281.65  692.44  133   85  Gulf_of_Maine        
  17.73  351.61  557.76   85   97  Chesapeake_Bay       
   0.34  171.28  374.02   57   97  Deleware_Bay         
