53.75	140.75
62.25	278.25
67.25	328.75
-63.25	 64.75
79.25	139.75
45.75	297.75
-73.75	242.75
-69.25	320.25
-58.75	 52.75
63.75	302.25
51.75	147.75
-72.75	213.25
68.25	192.75
77.25	211.75
-58.75	 22.75
-56.25	  3.75
85.25	149.25
-58.75	 85.25
-61.75	214.25
-64.25	232.75
-72.25	278.25
81.25	 72.25
-62.75	123.25
80.75	345.25
-57.25	331.75
-59.25	315.25
-64.75	280.75
67.25	351.75
73.25	352.75
-74.75	326.25
73.25	 51.25
75.75	240.25
85.25	 52.25
-66.75	258.25
76.25	 38.75
-74.75	303.75
-62.75	303.25
82.75	100.75
85.25	346.75
81.75	206.25
78.25	255.25
84.75	241.75
77.75	235.25
81.25	249.25
76.25	351.25
84.75	283.75
-73.75	230.75
80.75	 29.25
-63.75	296.75
