Hudson_Bay
18 60 -85
60 -95
65 -95
66.5 -90
67 -85
70 -85
70 -75
67 -70
66.5 -72.5
65 -75
61.2 -65
60 -65
57 -65
57 -76
50 -77.5
50 -85
55 -90
55 -95
60 -95
Sea_of_Okhotsk
21 55 150
53.5 142.5
53.5 140.0
52 132
60 132
60 153
62.5 155
64 165
62.5 170
61 165
60 162.5
57.5 160
55 160
50 158.33
50 156
46 150
44.5 147
44.0 145
46 144
48 142.5
52 142.5
53.5 142.5 
Bering_Sea
19 65 -170
65 170
66.5 180
66.5 185
66.06 190
65.53 191.89
65.53 200
60 200
60 205
57 202.5
55 -164
52 -170
52 174
50 158.33
55 160 
57.5 160
60 162.5
61 165
62.5 170
65 170
Baffin_Bay
9 72.5 -65
66.5 -50
66.5 -70
70 -70
72.5 -80
80 -80
80 -60
75 -50
70 -50
66.5 -50
Labrador_Sea
24 60.0 -60
61.89 -65.0
60 -65.0
55 -62.5
51 -62.5
51 -60
51.5 -58.0
51.7 -57
52.0 -56
52 -55.22
51.64 -55.41
51.44 -55.74
51.44 -56
48 -58
48 -54
47 -54
47 -40
52.5 -50
52.5 -45
60 -45
65 -50
66.5 -50
66.5 -70
64 -70
61.89 -65.0
Gulf_of_St_Lawrence
19 48 -63
46 -73
48 -71
51 -68
51 -60
51.5 -58
51.7 -57
52 -56
52 -55.22
51.64 -55.41
51.44 -55.74
51.44 -56
48 -58
47.5 -59
46 -60
45 -63
45.5 -63
46 -64.1
46 -65
46 -73
Baltic_Sea
16 0 0
55 9
54 10.5
53.5 10.5
54 21
60 30.1
61 30.0
61 22.5
63 22.5
64 24
65 27
66 25.5
66 21
61 13.5
59 16.5
56 13.5
55 9
Sea_of_Azov
7 46 36
45 34.5
46 33.75
47 33
47 36
50 45
45 45
45 34.5
Gulf_of_Ob
8 0 0
66.5 68
66 75
66.5 80
70 80
70 75
72.5 75
72.5 70
66.5 68
White_Sea
8 66 35
67.5 30
65 34
63 37.5
65 45
66 42
66.5 40
66.5 36
67.5 30
Sea_of_Japan
17 45 140
36 129
33 131
36 138
40 141
43 141
44 145
46 144
48 142.5
52 142.5
53.5 142.5
53.5 140.0
50 140
46 135
44 132
40 127.5
38 127.5
36 129
Yellow_Sea
7 39 120
40 115
45 120
40 125
40 127.5
35 127.5
30 120
40 115
Black_Sea
15 43 35
41 27
50 27
50 30
47 33
46 33.75
45 34.5
45.0 36.75
45.0 38
42.5 45
41 42
40 42
40 30
41 30
41.2 30
41 27
Gulf_of_Maine
13 45 -66
43 -70
44 -70
45 -69
45 -68
45.5 -67
45.5 -66
46 -65
46 -64.1
45.5 -63
45 -63
45 -65
44 -66
43 -70
Chesapeake_Bay
6 38 -76.2
40.0 -78
36 -78
36 -75 
39 -75.5
40 -75.7
40 -78
Deleware_Bay
5 39 -75.1
40 -75.6
39 -75.6
39 -75.5
36 -75
40 -75.6
