3 24  8 1 0.000000 10.000000  8 1 -10.000000 10.000000  8 1 -10.000000 10.000000 
4.296875 2.656250 5.546875 
5.312500 7.656250 -0.234375 
6.562500 1.562500 5.546875 
4.101562 0.000000 6.250000 
8.828125 8.750000 -8.906250 
8.750000 8.750000 -8.906250 
8.867188 8.906250 -8.906250 
9.765625 7.968750 -3.046875 
6.562500 9.062500 -0.546875 
2.421875 7.500000 -0.234375 
4.296875 2.656250 -8.281250 
1.562500 5.781250 -9.062500 
8.320312 8.281250 2.656250 
4.453125 2.578125 -3.203125 
5.820312 8.203125 -2.656250 
4.453125 2.656250 5.234375 
5.937500 1.953125 6.718750 
9.765625 2.656250 -8.906250 
5.507812 7.500000 -0.234375 
6.132812 8.281250 -4.296875 
8.554688 -2.421875 -2.109375 
4.101562 0.000000 9.687500 
9.414062 -1.171875 5.937500 
4.882812 3.984375 -1.562500 
4.765625 0.625000 6.250000 
4.648438 -0.859375 9.843750 
8.828125 8.906250 -8.906250 
1.367188 7.890625 2.578125 
8.320312 -6.250000 3.828125 
5.273438 4.765625 -3.046875 
1.718750 5.781250 5.937500 
8.359375 -9.140625 0.156250 
4.765625 4.531250 2.656250 
8.867188 1.328125 0.625000 
1.132812 0.859375 -8.281250 
8.671875 5.937500 9.687500 
8.320312 -9.453125 5.312500 
4.492188 4.140625 -2.656250 
6.289062 9.453125 -2.343750 
8.437500 2.265625 7.343750 
8.632812 -6.250000 -6.406250 
6.523438 -8.671875 0.546875 
6.289062 3.203125 1.796875 
1.171875 -0.703125 2.187500 
4.140625 -3.359375 8.593750 
0.507812 -2.109375 -3.671875 
0.429688 -2.968750 5.625000 
4.921875 8.593750 -5.234375 
6.562500 -0.234375 1.953125 
5.351562 -2.812500 -2.109375 
