   0 25.937483 278.499939
   1 23.187344 277.999878
   2 22.911211 277.939850
   3 22.801508 277.915497
   4 22.697521 277.862366
   5 22.615370 277.766663
   6 22.526531 277.690948
   7 22.411003 277.653961
   8 22.299276 277.635437
   9 22.193167 277.585968
  10 22.072643 277.582123
  11 21.961605 277.541931
  12 21.853182 277.510040
  13 21.745140 277.477905
  14 21.637596 277.443207
  15 21.528854 277.412903
  16 21.431549 277.335785
  17 21.337353 277.269623
  18 21.268209 277.163483
  19 21.222677 277.051117
  20 21.206728 276.927704
  21 21.149546 276.815369
  22 21.094570 276.711609
  23 21.039604 276.607819
  24 21.021965 276.482056
  25 21.009686 276.364014
  26 21.041470 276.241241
  27 21.072945 276.128235
  28 21.104342 276.015320
  29 21.177525 275.916016
  30 21.260756 275.837097
  31 21.339237 275.755859
  32 21.387440 275.641205
  33 21.396378 275.517700
  34 21.430727 275.404175
  35 21.422897 275.279663
  36 21.372719 275.167206
  37 21.306982 275.073059
  38 21.244677 274.979279
  39 21.198034 274.873688
  40 21.185427 274.753204
  41 21.131273 274.644501
  42 21.118677 274.522308
  43 21.064878 274.413971
  44 20.977562 274.334717
  45 20.869169 274.295624
  46 20.782347 274.216156
  47 20.729485 274.107727
  48 20.718323 273.986511
  49 20.669989 273.878143
  50 20.644049 273.766663
  51 20.608511 273.660370
  52 20.612839 273.539642
  53 20.587650 273.426697
  54 20.535177 273.325134
  55 20.484587 273.227509
  56 20.397802 273.151428
  57 20.318897 273.078827
  58 20.216953 273.034698
  59 20.113361 273.011322
  60 20.014618 272.972687
  61 -23.554955 427.928680
  62 -23.554955 427.928680
  63 -23.554955 427.928680
  64 -23.554955 427.928680
  65 -23.554955 427.928680
  66 -23.554955 427.928680
  67 -23.554955 427.928680
  68 -23.554955 427.928680
  69 -23.554955 427.928680
  70 -23.554955 427.928680
  71 -23.554955 427.928680
  72 -23.554955 427.928680
  73 -23.554955 427.928680
  74 -23.554955 427.928680
  75 -23.554955 427.928680
  76 -23.554955 427.928680
  77 -23.554955 427.928680
  78 -23.554955 427.928680
  79 -23.554955 427.928680
  80 -23.554955 427.928680
  81 -23.554955 427.928680
  82 -23.554955 427.928680
  83 -23.554955 427.928680
  84 -23.554955 427.928680
  85 -23.554955 427.928680
  86 -23.554955 427.928680
  87 -23.554955 427.928680
  88 -23.554955 427.928680
  89 -23.554955 427.928680
  90 -23.554955 427.928680
  91 -23.554955 427.928680
  92 -23.554955 427.928680
  93 -23.554955 427.928680
  94 -23.554955 427.928680
  95 -23.554955 427.928680
  96 -23.554955 427.928680
  97 -23.554955 427.928680
  98 -23.554955 427.928680
  99 -23.554955 427.928680
 100 -23.554955 427.928680
 101 -23.554955 427.928680
 102 -23.554955 427.928680
 103 -23.554955 427.928680
 104 -23.554955 427.928680
 105 -23.554955 427.928680
 106 -23.554955 427.928680
 107 -23.554955 427.928680
 108 -23.554955 427.928680
 109 -23.554955 427.928680
 110 -23.554955 427.928680
 111 -23.554955 427.928680
 112 -23.554955 427.928680
 113 -23.554955 427.928680
 114 -23.554955 427.928680
 115 -23.554955 427.928680
 116 -23.554955 427.928680
 117 -23.554955 427.928680
 118 -23.554955 427.928680
 119 -23.554955 427.928680
 120 -23.554955 427.928680
 121 -23.554955 427.928680
 122 -23.554955 427.928680
 123 -23.554955 427.928680
 124 -23.554955 427.928680
 125 -23.554955 427.928680
 126 -23.554955 427.928680
 127 -23.554955 427.928680
 128 -23.554955 427.928680
 129 -23.554955 427.928680
 130 -23.554955 427.928680
 131 -23.554955 427.928680
 132 -23.554955 427.928680
 133 -23.554955 427.928680
 134 -23.554955 427.928680
 135 -23.554955 427.928680
 136 -23.554955 427.928680
 137 -23.554955 427.928680
 138 -23.554955 427.928680
 139 -23.554955 427.928680
 140 -23.554955 427.928680
 141 -23.554955 427.928680
 142 -23.554955 427.928680
 143 -23.554955 427.928680
 144 -23.554955 427.928680
 145 -23.554955 427.928680
 146 -23.554955 427.928680
 147 -23.554955 427.928680
 148 -23.554955 427.928680
 149 -23.554955 427.928680
 150 -23.554955 427.928680
 151 -23.554955 427.928680
 152 -23.554955 427.928680
 153 -23.554955 427.928680
 154 -23.554955 427.928680
 155 -23.554955 427.928680
 156 -23.554955 427.928680
 157 -23.554955 427.928680
 158 -23.554955 427.928680
 159 -23.554955 427.928680
 160 -23.554955 427.928680
 161 -23.554955 427.928680
 162 -23.554955 427.928680
 163 -23.554955 427.928680
 164 -23.554955 427.928680
 165 -23.554955 427.928680
 166 -23.554955 427.928680
 167 -23.554955 427.928680
 168 -23.554955 427.928680
 169 -23.554955 427.928680
 170 -23.554955 427.928680
 171 -23.554955 427.928680
 172 -23.554955 427.928680
 173 -23.554955 427.928680
 174 -23.554955 427.928680
 175 -23.554955 427.928680
 176 -23.554955 427.928680
 177 -23.554955 427.928680
 178 -23.554955 427.928680
 179 -23.554955 427.928680
 180 -23.554955 427.928680
 181 -23.554955 427.928680
 182 -23.554955 427.928680
 183 -23.554955 427.928680
 184 -23.554955 427.928680
 185 -23.554955 427.928680
 186 -23.554955 427.928680
 187 -23.554955 427.928680
 188 -23.554955 427.928680
 189 -23.554955 427.928680
 190 -23.554955 427.928680
 191 -23.554955 427.928680
 192 -23.554955 427.928680
 193 -23.554955 427.928680
 194 -23.554955 427.928680
 195 -23.554955 427.928680
 196 -23.554955 427.928680
 197 -23.554955 427.928680
 198 -23.554955 427.928680
 199 -23.554955 427.928680
 200 -23.554955 427.928680
 201 -23.554955 427.928680
 202 -23.554955 427.928680
 203 -23.554955 427.928680
 204 -23.554955 427.928680
 205 -23.554955 427.928680
 206 -23.554955 427.928680
 207 -23.554955 427.928680
 208 -23.554955 427.928680
 209 -23.554955 427.928680
 210 -23.554955 427.928680
 211 -23.554955 427.928680
 212 -23.554955 427.928680
 213 -23.554955 427.928680
 214 -23.554955 427.928680
 215 -23.554955 427.928680
 216 -23.554955 427.928680
 217 -23.554955 427.928680
 218 -23.554955 427.928680
 219 -23.554955 427.928680
 220 -23.554955 427.928680
 221 -23.554955 427.928680
 222 -23.554955 427.928680
 223 -23.554955 427.928680
 224 -23.554955 427.928680
 225 -23.554955 427.928680
 226 -23.554955 427.928680
 227 -23.554955 427.928680
 228 -23.554955 427.928680
 229 -23.554955 427.928680
 230 -23.554955 427.928680
 231 -23.554955 427.928680
 232 -23.554955 427.928680
 233 -23.554955 427.928680
 234 -23.554955 427.928680
 235 -23.554955 427.928680
 236 -23.554955 427.928680
 237 -23.554955 427.928680
 238 -23.554955 427.928680
 239 -23.554955 427.928680
 240 -23.554955 427.928680
 241 -23.554955 427.928680
 242 -23.554955 427.928680
 243 -23.554955 427.928680
 244 -23.554955 427.928680
 245 -23.554955 427.928680
 246 -23.554955 427.928680
 247 -23.554955 427.928680
 248 -23.554955 427.928680
 249 -23.554955 427.928680
 250 -23.554955 427.928680
 251 -23.554955 427.928680
 252 -23.554955 427.928680
 253 -23.554955 427.928680
 254 -23.554955 427.928680
 255 -23.554955 427.928680
 256 -23.554955 427.928680
 257 -23.554955 427.928680
 258 -23.554955 427.928680
 259 -23.554955 427.928680
 260 -23.554955 427.928680
 261 -23.554955 427.928680
 262 -23.554955 427.928680
 263 -23.554955 427.928680
 264 -23.554955 427.928680
 265 -23.554955 427.928680
 266 -23.554955 427.928680
 267 -23.554955 427.928680
 268 -23.554955 427.928680
 269 -23.554955 427.928680
 270 -23.554955 427.928680
 271 -23.554955 427.928680
 272 -23.554955 427.928680
 273 -23.554955 427.928680
 274 -23.554955 427.928680
 275 -23.554955 427.928680
 276 -23.554955 427.928680
 277 -23.554955 427.928680
 278 -23.554955 427.928680
 279 -23.554955 427.928680
 280 -23.554955 427.928680
 281 -23.554955 427.928680
 282 -23.554955 427.928680
 283 -23.554955 427.928680
 284 -23.554955 427.928680
 285 -23.554955 427.928680
 286 -23.554955 427.928680
 287 -23.554955 427.928680
 288 -23.554955 427.928680
 289 -23.554955 427.928680
 290 -23.554955 427.928680
 291 -23.554955 427.928680
 292 -23.554955 427.928680
 293 -23.554955 427.928680
 294 -23.554955 427.928680
 295 -23.554955 427.928680
 296 -23.554955 427.928680
 297 -23.554955 427.928680
 298 -23.554955 427.928680
 299 -23.554955 427.928680
 300 -23.554955 427.928680
 301 -23.554955 427.928680
 302 -23.554955 427.928680
 303 -23.554955 427.928680
 304 -23.554955 427.928680
 305 -23.554955 427.928680
 306 -23.554955 427.928680
 307 -23.554955 427.928680
 308 -23.554955 427.928680
 309 -23.554955 427.928680
 310 -23.554955 427.928680
 311 -23.554955 427.928680
 312 -23.554955 427.928680
 313 -23.554955 427.928680
 314 -23.554955 427.928680
 315 -23.554955 427.928680
 316 -23.554955 427.928680
 317 -23.554955 427.928680
 318 -23.554955 427.928680
 319 -23.554955 427.928680
 320 -23.554955 427.928680
 321 -23.554955 427.928680
 322 -23.554955 427.928680
 323 -23.554955 427.928680
 324 -23.554955 427.928680
 325 -23.554955 427.928680
 326 -23.554955 427.928680
 327 -23.554955 427.928680
 328 -23.554955 427.928680
 329 -23.554955 427.928680
 330 -23.554955 427.928680
 331 -23.554955 427.928680
 332 -23.554955 427.928680
 333 -23.554955 427.928680
 334 -23.554955 427.928680
 335 -23.554955 427.928680
 336 -23.554955 427.928680
 337 -23.554955 427.928680
 338 -23.554955 427.928680
 339 -23.554955 427.928680
 340 -23.554955 427.928680
 341 -23.554955 427.928680
 342 -23.554955 427.928680
 343 -23.554955 427.928680
 344 -23.554955 427.928680
 345 -23.554955 427.928680
 346 -23.554955 427.928680
 347 -23.554955 427.928680
 348 -23.554955 427.928680
 349 -23.554955 427.928680
 350 -23.554955 427.928680
 351 -23.554955 427.928680
 352 -23.554955 427.928680
 353 -23.554955 427.928680
 354 -23.554955 427.928680
 355 -23.554955 427.928680
 356 -23.554955 427.928680
 357 -23.554955 427.928680
 358 -23.554955 427.928680
 359 -23.554955 427.928680
 360 -23.554955 427.928680
 361 -23.554955 427.928680
 362 -23.554955 427.928680
 363 -23.554955 427.928680
 364 -23.554955 427.928680
 365 -23.554955 427.928680
 366 -23.554955 427.928680
 367 -23.554955 427.928680
 368 -23.554955 427.928680
 369 -23.554955 427.928680
 370 -23.554955 427.928680
 371 -23.554955 427.928680
 372 -23.554955 427.928680
 373 -23.554955 427.928680
 374 -23.554955 427.928680
 375 -23.554955 427.928680
 376 -23.554955 427.928680
 377 -23.554955 427.928680
 378 -23.554955 427.928680
 379 -23.554955 427.928680
 380 -23.554955 427.928680
 381 -23.554955 427.928680
 382 -23.554955 427.928680
 383 -23.554955 427.928680
 384 -23.554955 427.928680
 385 -23.554955 427.928680
 386 -23.554955 427.928680
 387 -23.554955 427.928680
 388 -23.554955 427.928680
 389 -23.554955 427.928680
 390 -23.554955 427.928680
 391 -23.554955 427.928680
 392 -23.554955 427.928680
 393 -23.554955 427.928680
 394 -23.554955 427.928680
 395 -23.554955 427.928680
 396 -23.554955 427.928680
 397 -23.554955 427.928680
 398 -23.554955 427.928680
 399 -23.554955 427.928680
 400 -23.554955 427.928680
 401 -23.554955 427.928680
 402 -23.554955 427.928680
 403 -23.554955 427.928680
 404 -23.554955 427.928680
 405 -23.554955 427.928680
 406 -23.554955 427.928680
 407 -23.554955 427.928680
 408 -23.554955 427.928680
 409 -23.554955 427.928680
 410 -23.554955 427.928680
 411 -23.554955 427.928680
 412 -23.554955 427.928680
 413 -23.554955 427.928680
 414 -23.554955 427.928680
 415 -23.554955 427.928680
 416 -23.554955 427.928680
 417 -23.554955 427.928680
 418 -23.554955 427.928680
 419 -23.554955 427.928680
 420 -23.554955 427.928680
 421 -23.554955 427.928680
 422 -23.554955 427.928680
 423 -23.554955 427.928680
 424 -23.554955 427.928680
 425 -23.554955 427.928680
 426 -23.554955 427.928680
 427 -23.554955 427.928680
 428 -23.554955 427.928680
 429 -23.554955 427.928680
 430 -23.554955 427.928680
 431 -23.554955 427.928680
 432 -23.554955 427.928680
 433 -23.554955 427.928680
 434 -23.554955 427.928680
 435 -23.554955 427.928680
 436 -23.554955 427.928680
 437 -23.554955 427.928680
 438 -23.554955 427.928680
 439 -23.554955 427.928680
 440 -23.554955 427.928680
 441 -23.554955 427.928680
 442 -23.554955 427.928680
 443 -23.554955 427.928680
 444 -23.554955 427.928680
 445 -23.554955 427.928680
 446 -23.554955 427.928680
 447 -23.554955 427.928680
 448 -23.554955 427.928680
 449 -23.554955 427.928680
 450 -23.554955 427.928680
 451 -23.554955 427.928680
 452 -23.554955 427.928680
 453 -23.554955 427.928680
 454 -23.554955 427.928680
 455 -23.554955 427.928680
 456 -23.554955 427.928680
 457 -23.554955 427.928680
 458 -23.554955 427.928680
 459 -23.554955 427.928680
 460 -23.554955 427.928680
 461 -23.554955 427.928680
 462 -23.554955 427.928680
 463 -23.554955 427.928680
 464 -23.554955 427.928680
 465 -23.554955 427.928680
 466 -23.554955 427.928680
 467 -23.554955 427.928680
 468 -23.554955 427.928680
 469 -23.554955 427.928680
 470 -23.554955 427.928680
 471 -23.554955 427.928680
 472 -23.554955 427.928680
 473 -23.554955 427.928680
 474 -23.554955 427.928680
 475 -23.554955 427.928680
 476 -23.554955 427.928680
 477 -23.554955 427.928680
 478 -23.554955 427.928680
 479 -23.554955 427.928680
 480 -23.554955 427.928680
 481 -23.554955 427.928680
 482 -23.554955 427.928680
 483 -23.554955 427.928680
 484 -23.554955 427.928680
 485 -23.554955 427.928680
 486 -23.554955 427.928680
 487 -23.554955 427.928680
 488 -23.554955 427.928680
 489 -23.554955 427.928680
 490 -23.554955 427.928680
 491 -23.554955 427.928680
 492 -23.554955 427.928680
 493 -23.554955 427.928680
 494 -23.554955 427.928680
 495 -23.554955 427.928680
 496 -23.554955 427.928680
 497 -23.554955 427.928680
 498 -23.554955 427.928680
