   0 26.499973 279.968689
   1 26.599955 278.000000
   2 26.699944 279.968689
   3 26.799936 277.999817
   4 26.899990 279.914093
   5 27.000021 279.913940
   6 27.099947 279.859344
   7 27.199999 279.859436
   8 27.300089 279.749786
   9 27.400000 279.749939
  10 27.499977 280.078064
  11 27.600168 279.695374
  12 27.700102 279.640594
  13 27.799936 279.585846
  14 27.900150 279.531189
  15 28.000000 279.476562
  16 28.100010 279.476562
  17 28.199999 279.421875
  18 28.299910 279.367218
  19 28.399990 279.312408
  20 28.500032 279.367218
  21 28.600080 279.476532
  22 28.700125 279.367188
  23 28.800081 279.257843
  24 28.899975 279.203094
  25 29.000000 279.093750
  26 29.100002 279.148468
  27 29.200029 279.039062
  28 29.299999 278.984497
  29 29.400127 278.929688
  30 29.500156 278.875122
  31 29.600000 278.820343
  32 29.700043 278.820374
  33 29.800047 278.765594
  34 29.899858 278.710938
  35 30.000023 278.710876
  36 30.100138 278.656342
  37 30.199972 278.656281
  38 30.300026 278.601593
  39 30.399992 280.296936
  40 30.499960 280.328156
  41 30.600067 280.437500
  42 30.700008 282.953125
  43 30.799997 282.953125
  44 30.900000 283.281250
  45 31.000076 283.500061
  46 31.100000 283.609283
  47 31.199991 283.609344
  48 31.299997 283.718750
  49 31.400000 283.718750
  50 31.500027 283.828156
  51 31.600004 283.828125
  52 31.699999 283.718750
  53 31.799992 283.718750
  54 31.900034 283.718781
  55 31.999998 283.609314
  56 32.099998 283.500031
  57 32.199966 283.062469
  58 32.299988 283.062469
  59 32.400066 280.656281
  60 32.500019 280.765625
  61 32.599888 280.000000
  62 32.699989 280.109375
  63 32.800030 286.890656
  64 32.900089 286.890656
  65 33.000004 280.656250
  66 33.099991 282.625000
  67 33.200039 282.843719
  68 33.299992 282.843781
  69 33.400013 280.875031
  70 33.499939 283.281250
  71 33.599995 283.500000
  72 33.699982 281.203217
  73 33.799973 281.312500
  74 33.899994 281.859375
  75 33.999977 282.078094
  76 34.099972 282.078156
  77 34.200043 285.796844
  78 34.300003 282.296967
  79 34.400002 282.406250
  80 34.408566 282.419128
  81 34.433983 282.461517
  82 34.448933 282.513092
  83 34.468082 282.563019
  84 34.487259 282.613037
  85 34.506393 282.662994
  86 34.523521 282.714142
  87 34.542778 282.764465
  88 34.562050 282.814728
  89 34.620533 282.842621
  90 34.663376 282.919678
  91 34.677505 283.020569
  92 34.676785 283.124817
  93 34.715221 283.229706
  94 34.755829 283.333618
  95 34.756992 283.460632
  96 34.802002 283.587341
  97 34.885902 283.688782
  98 34.936256 283.817261
  99 34.981998 283.939575
 100 35.029770 284.060974
 101 35.075592 284.183685
 102 35.121834 284.306732
 103 35.208248 284.407104
 104 35.259895 284.537994
 105 35.346363 284.637848
 106 35.431946 284.725494
 107 35.514603 284.816833
 108 35.567760 284.949158
 109 35.657082 285.047668
 110 35.768654 285.100220
 111 35.858677 285.195343
 112 35.914536 285.326843
 113 35.958797 285.454376
 114 36.044106 285.559723
 115 36.134682 285.643921
 116 36.248547 285.686859
 117 36.362888 285.697845
 118 36.472588 285.741577
 119 36.589325 285.743988
 120 36.700474 285.798981
 121 36.820774 285.798035
 122 36.931965 285.777283
 123 37.043602 285.767487
 124 37.157585 285.813019
 125 37.265694 285.847076
 126 37.362686 285.934937
 127 37.427193 286.062134
 128 37.449593 286.210693
 129 37.428734 286.359009
 130 37.389244 286.493439
 131 37.369095 286.634827
 132 37.304703 286.764191
 133 37.215748 286.861816
 134 37.160275 286.998230
 135 37.071842 287.101440
 136 37.019337 287.240509
 137 36.945599 287.354980
 138 36.909004 287.502502
 139 36.831051 287.622772
 140 36.722477 287.697937
 141 36.615730 287.754822
 142 36.493805 287.766022
 143 36.379940 287.807922
 144 36.281513 287.903992
 145 36.218452 288.038574
 146 36.200012 288.192902
 147 36.229244 288.345093
 148 36.302231 288.473297
 149 36.408489 288.558533
 150 36.485737 288.679382
 151 36.522335 288.830536
 152 36.511101 288.988190
 153 36.453278 289.129639
 154 36.371792 289.243591
 155 36.328201 289.393341
 156 36.332397 289.553009
 157 36.384239 289.699646
 158 36.476421 289.812012
 159 36.542046 289.941986
 160 36.636673 290.044617
 161 36.728901 290.140656
 162 36.793716 290.278137
 163 36.840401 290.418640
 164 36.842167 290.581116
 165 36.802628 290.733032
 166 36.811077 290.896057
 167 36.770191 291.051758
 168 36.778782 291.215607
 169 36.781578 291.368500
 170 36.737900 291.523041
 171 36.650208 291.647247
 172 36.531441 291.721741
 173 36.400822 291.741089
 174 36.282623 291.810883
 175 36.191353 291.932495
 176 36.142815 292.087677
 177 36.144096 292.254486
 178 36.195473 292.409088
 179 36.289860 292.529236
 180 36.413563 292.597076
 181 36.548512 292.602539
 182 36.673527 292.622894
 183 36.796539 292.651947
 184 36.920116 292.677582
 185 37.035267 292.764648
 186 37.120663 292.891083
 187 37.214855 292.996552
 188 37.280342 293.141083
 189 37.375103 293.254639
 190 37.447033 293.388702
 191 37.492443 293.541138
 192 37.529911 293.693115
 193 37.615471 293.826111
 194 37.712906 293.931610
 195 37.776192 294.084045
 196 37.830517 294.228912
 197 37.889690 294.371002
 198 37.991573 294.484711
 199 38.055370 294.637115
 200 38.159801 294.749420
 201 38.229458 294.895844
 202 38.339043 295.000946
 203 38.462307 295.062012
 204 38.565605 295.172180
 205 38.631100 295.326782
 206 38.691902 295.470459
 207 38.795689 295.584595
 208 38.926125 295.641327
 209 39.055264 295.662445
 210 39.187996 295.617645
 211 39.307697 295.559723
 212 39.437157 295.538574
 213 39.562988 295.520905
 214 39.688248 295.496338
 215 39.805012 295.406494
 216 39.938900 295.379120
 217 40.070805 295.418121
 218 40.204197 295.389862
 219 40.323982 295.334137
 220 40.458324 295.340546
 221 40.584579 295.283936
 222 40.710163 295.261536
 223 40.828720 295.196960
 224 40.928589 295.088806
 225 41.005333 294.954895
 226 41.118683 294.863831
 227 41.249062 294.834747
 228 41.378078 294.871582
 229 41.491714 294.943939
 230 41.605495 295.005096
 231 41.700943 295.126801
 232 41.755917 295.287567
 233 41.762558 295.464691
 234 41.721786 295.632629
 235 41.676456 295.786682
 236 41.630836 295.940918
 237 41.594280 296.100250
 238 41.514591 296.241577
 239 41.399426 296.334442
 240 41.317757 296.477631
 241 41.201485 296.570038
 242 41.067448 296.597931
 243 40.935062 296.557343
 244 40.820145 296.473694
 245 40.684990 296.451263
 246 40.565929 296.364044
 247 40.477695 296.230499
 248 40.414093 296.083405
 249 40.393490 295.908386
 250 40.389149 295.742096
 251 40.362251 295.578369
 252 40.301758 295.427460
 253 40.278934 295.257996
 254 40.264664 295.095276
 255 40.201023 294.940582
 256 40.135471 294.801941
 257 40.027977 294.697723
 258 39.898624 294.652771
 259 39.777218 294.617035
 260 39.645752 294.637695
 261 39.521393 294.653473
 262 39.396988 294.668854
 263 39.267681 294.619385
 264 39.157070 294.532837
 265 39.057911 294.432526
 266 38.990520 294.282166
 267 38.889305 294.171722
 268 38.761860 294.116455
 269 38.655487 294.019440
 270 38.582920 293.874420
 271 38.530464 293.727997
 272 38.517113 293.560791
 273 38.507015 293.402618
 274 38.496986 293.244781
 275 38.535980 293.082123
 276 38.593288 292.939758
 277 38.693027 292.828552
 278 38.770748 292.703857
 279 38.885044 292.620209
 280 38.995468 292.553009
 281 39.122967 292.533936
 282 39.242794 292.506195
 283 39.370640 292.539642
 284 39.491707 292.554993
 285 39.616581 292.507507
 286 39.729424 292.451019
 287 39.834518 292.370941
 288 39.962231 292.345703
 289 40.081657 292.331055
 290 40.200615 292.313019
 291 40.324787 292.356628
 292 40.452240 292.336273
 293 40.576317 292.379059
 294 40.679611 292.479370
 295 40.803734 292.521545
 296 40.920700 292.551300
 297 41.045406 292.525024
 298 41.162567 292.502960
 299 41.286602 292.542847
 300 41.396671 292.607208
 301 41.506924 292.664520
 302 41.618896 292.715576
 303 41.727608 292.778290
 304 41.817650 292.898956
 305 41.916348 292.990814
 306 42.012360 293.083679
 307 42.080929 293.228394
 308 42.104729 293.397369
 309 42.080170 293.566620
 310 42.043175 293.720428
 311 42.051720 293.893341
 312 42.100273 294.050598
 313 42.102299 294.224823
 314 42.060516 294.387695
 315 42.066841 294.562592
 316 42.050716 294.726746
 317 42.071049 294.895142
 318 42.090393 295.056702
 319 42.107510 295.219513
 320 42.076103 295.391571
 321 41.999252 295.535950
 322 41.901535 295.644958
 323 41.775043 295.699127
 324 41.642429 295.686005
 325 41.522545 295.614136
 326 41.430355 295.486237
 327 41.380341 295.321960
 328 41.379742 295.145233
 329 41.420753 294.981262
 330 41.505882 294.846863
 331 41.593834 294.732727
 332 41.714897 294.665344
 333 41.841103 294.647705
 334 41.964417 294.666016
 335 42.079525 294.748413
 336 42.197948 294.795837
 337 42.327599 294.779266
 338 42.452530 294.828522
 339 42.571846 294.858185
 340 42.692604 294.871368
 341 42.808891 294.949341
 342 42.925407 294.997925
 343 43.054405 294.982697
 344 43.170029 294.909271
 345 43.258045 294.780273
 346 43.304707 294.615997
 347 43.314503 294.446014
 348 43.323742 294.283478
 349 43.328217 294.120911
 350 43.379692 293.961182
 351 43.414268 293.805298
 352 43.473080 293.661224
 353 43.570930 293.551941
 354 43.690865 293.500214
 355 43.815853 293.513275
 356 43.930065 293.557098
 357 44.029774 293.662140
 358 44.117020 293.769989
 359 44.173267 293.926270
 360 44.225563 294.071503
 361 44.278057 294.217102
 362 44.330647 294.362946
 363 44.383377 294.509094
 364 44.436375 294.655640
 365 44.489422 294.802368
 366 44.542667 294.949493
 367 44.595963 295.096802
 368 44.649448 295.244415
 369 44.703197 295.392426
 370 44.756989 295.540619
 371 44.810993 295.689240
 372 44.865025 295.838074
 373 44.919392 295.987335
 374 44.973789 296.136749
 375 45.028419 296.286499
 376 45.083107 296.436554
 377 45.137981 296.586884
 378 45.193077 296.737640
 379 45.248260 296.888580
 380 45.303551 297.039856
 381 45.359138 297.191437
 382 45.414730 297.343323
 383 45.470547 297.495483
 384 45.564968 297.619232
 385 45.670269 297.710175
 386 45.748650 297.858398
 387 45.817856 298.000641
 388 45.926716 298.103027
 389 46.031891 298.189209
 390 46.154705 298.229614
 391 46.270752 298.278198
 392 46.391338 298.302917
 393 46.503906 298.396179
 394 46.632149 298.421600
 395 46.753445 298.420624
 396 46.873299 298.422668
 397 46.992962 298.417297
 398 47.110722 298.341370
 399 47.224476 298.286652
 400 47.323082 298.168549
 401 47.414856 298.057983
 402 47.507656 297.950104
 403 47.600067 297.841888
 404 47.721146 297.788086
 405 47.846889 297.804382
 406 47.966351 297.766968
 407 48.079086 297.720428
 408 48.191223 297.673492
 409 48.315666 297.693420
 410 48.435532 297.645416
 411 48.547310 297.600250
 412 48.670902 297.622009
 413 48.780334 297.711365
 414 48.881992 297.794098
 415 48.985836 297.870575
 416 49.104607 297.899200
 417 49.218269 297.926270
 418 49.329018 297.980774
 419 49.442551 298.014130
 420 49.554276 298.053925
 421 49.655769 298.162292
 422 49.774746 298.207367
 423 49.892834 298.204437
 424 50.007755 298.272095
 425 50.105831 298.371338
 426 50.184223 298.510101
 427 50.259838 298.643951
 428 50.335499 298.777802
 429 50.411510 298.911957
 430 50.487537 299.046265
 431 50.563671 299.180695
 432 50.640083 299.315338
 433 50.716545 299.450134
 434 50.793106 299.584991
 435 50.869766 299.720093
 436 50.946697 299.855499
 437 51.023693 299.990875
 438 51.100800 300.126373
 439 51.178074 300.262177
 440 51.255463 300.398163
 441 51.332981 300.534210
 442 51.410728 300.670410
 443 51.488552 300.806885
 444 51.566517 300.943481
 445 51.644485 301.080170
 446 51.722775 301.217102
 447 51.801113 301.354156
 448 51.879513 301.491333
 449 51.958206 301.628815
 450 52.036922 301.766388
 451 52.115780 301.904053
 452 52.194763 302.041840
 453 52.273888 302.179901
 454 52.353115 302.318146
 455 52.432518 302.456451
 456 52.511997 302.594849
 457 52.591625 302.733551
 458 52.671368 302.872406
 459 52.751221 303.011353
 460 52.831223 303.150452
 461 52.911373 303.289764
 462 52.991646 303.429230
 463 53.071976 303.568787
 464 53.152531 303.708557
 465 53.233143 303.848450
 466 53.313847 303.988464
 467 53.411427 304.101593
 468 53.493984 304.244659
 469 53.574982 304.385040
 470 53.687840 304.473541
 471 53.774719 304.623871
 472 53.822983 304.819885
 473 53.910786 304.971802
 474 53.992481 305.113007
 475 54.041130 305.310211
 476 54.043179 305.524445
 477 53.998043 305.725037
 478 53.911987 305.882965
 479 53.860889 306.075775
 480 53.855427 306.291626
 481 53.809906 306.489349
 482 53.722092 306.647552
 483 53.666199 306.835754
 484 53.655106 307.052826
 485 53.692699 307.261749
 486 53.773590 307.432587
 487 53.832108 307.614502
 488 53.847351 307.832947
 489 53.902313 308.028076
 490 53.917419 308.243561
 491 53.979717 308.438232
 492 54.052795 308.605652
 493 54.097786 308.806244
 494 54.141430 309.000000
 495 54.228226 309.165680
 496 54.278641 309.368164
 497 54.281597 309.593262
 498 54.318527 309.801514
