1 0.00033824988886923304 -176.13958604811222 1000.0 41.666666666666664
2 0.0003188988979488947 -171.24171761848808 500.0 20.833333333333332
3 0.0004237292279383551 -154.78050224266357 333.33333333333337 13.88888888888889
4 0.00039211666839787283 -166.50625458001076 250.0 10.416666666666666
5 0.0004038032714593285 -160.25540718466513 199.99999999999997 8.333333333333332
6 0.0004075509288406101 -161.24576310613944 166.66666666666669 6.944444444444445
7 0.000453841697741399 -158.6084670893526 142.85714285714286 5.9523809523809526
8 0.0004242787495701903 -153.70203765286558 125.0 5.208333333333333
9 0.00045921401394169426 -146.00242664912437 111.11111111111111 4.62962962962963
10 0.0004767918011556535 -146.16987939053809 99.99999999999999 4.166666666666666
11 0.0004930772168436605 -144.20001741953496 90.90909090909092 3.7878787878787885
12 0.0005223877162322594 -144.0995058636523 83.33333333333334 3.4722222222222223
13 0.0005752796149015052 -140.10529831500816 76.9230769230769 3.2051282051282044
14 0.0006246197194000517 -138.15244367463038 71.42857142857143 2.9761904761904763
15 0.0006274792507727421 -133.7538422181855 66.66666666666667 2.7777777777777777
16 0.0006673931375575227 -133.67267347632077 62.5 2.6041666666666665
17 0.000735296636106814 -132.27500839140316 58.82352941176471 2.450980392156863
18 0.0007460761843506669 -130.94360044631907 55.55555555555556 2.314814814814815
19 0.0008155836974804531 -128.79468084271443 52.631578947368425 2.192982456140351
20 0.0008793680330315657 -129.75443850354344 49.99999999999999 2.083333333333333
21 0.0009413863726017347 -126.25376766907529 47.61904761904762 1.984126984126984
22 0.0010337034688492962 -127.62559641045073 45.45454545454546 1.8939393939393943
23 0.001147365481399058 -126.3574463744717 43.47826086956521 1.8115942028985508
24 0.0011893429536136587 -123.87857722382044 41.66666666666667 1.7361111111111112
25 0.001291859809169026 -119.75844690490668 40.0 1.6666666666666665
26 0.0015122921776309739 -118.32936069548968 38.46153846153845 1.6025641025641022
27 0.001752661612904935 -118.43021623176875 37.037037037037045 1.5432098765432098
28 0.0016502719630985946 -117.29773728377893 35.714285714285715 1.4880952380952381
29 0.0018745278682926211 -112.92855143524814 34.48275862068965 1.4367816091954022
30 0.002651142295049645 -127.13317066770192 33.333333333333336 1.3888888888888888
31 0.002842348662663625 -108.95864527066074 32.25806451612904 1.3440860215053763
32 0.0037140696476537644 -108.28219220464526 31.25 1.3020833333333333
33 0.00605437432318098 -124.45472820543169 30.3030303030303 1.2626262626262628
34 0.005161586130828209 -118.2989756908932 29.411764705882355 1.2254901960784315
35 0.005777310060350568 -109.51091344413582 28.571428571428573 1.1904761904761905
36 0.010552370797473527 -104.81608196957244 27.77777777777778 1.1574074074074074
37 0.02755284677187809 -134.16694323800974 27.027027027027028 1.1261261261261262
38 0.07054833074321501 75.94118959397316 26.315789473684212 1.0964912280701755
39 0.013066848446348478 70.41102457906392 25.641025641025642 1.0683760683760684
40 0.010262421332402169 67.44886282226373 24.999999999999996 1.0416666666666665
41 0.005453595752509233 54.22295180943249 24.39024390243903 1.016260162601626
42 0.004067189728159272 61.797256656893715 23.80952380952381 0.992063492063492
43 0.0037229285519347075 76.1954750396579 23.25581395348837 0.9689922480620153
44 0.0027590225853365213 70.60625750120086 22.72727272727273 0.9469696969696971
45 0.0027748620195725206 71.28098537276148 22.22222222222222 0.9259259259259258
46 0.002747722166036191 68.66094879753177 21.739130434782606 0.9057971014492754
47 0.002074400495475442 75.99754409270386 21.276595744680854 0.8865248226950354
48 0.001967693119730955 69.53957359793006 20.833333333333336 0.8680555555555556
49 0.0017120870344890353 78.51599101834631 20.408163265306122 0.8503401360544217
50 0.002121297516958828 69.44916937109325 20.0 0.8333333333333333
51 0.002530341033557559 48.500018643023466 19.607843137254903 0.8169934640522876
52 0.0010115473712683917 63.50025296224917 19.230769230769226 0.8012820512820511
53 0.0013081037198556732 91.55643619159812 18.867924528301888 0.7861635220125787
54 0.0009438754426639491 69.01837550016538 18.518518518518523 0.7716049382716049
55 0.0013346831699463434 65.88397974045296 18.18181818181818 0.7575757575757576
56 0.0008739900419313735 46.79595231012692 17.857142857142858 0.7440476190476191
57 0.0012170444484693869 34.98692923865662 17.54385964912281 0.7309941520467838
58 0.0015442694164662196 78.76166769693045 17.241379310344826 0.7183908045977011
59 0.0012894838943911704 89.19793113457526 16.949152542372882 0.7062146892655369
60 0.00095109138839907 88.31432173625764 16.666666666666668 0.6944444444444444
61 0.00089853943922792 83.77261621535608 16.39344262295082 0.6830601092896175
62 0.0015015928165289102 77.4546913348186 16.12903225806452 0.6720430107526881
63 0.0004421613992770849 141.46654487947794 15.873015873015873 0.6613756613756613
64 0.001131949467019006 53.77201251079171 15.625 0.6510416666666666
65 0.0010087338092346577 81.02931811428898 15.384615384615387 0.6410256410256411
66 0.001268320948838266 89.74524582000836 15.15151515151515 0.6313131313131314
67 0.0017557143448667717 79.25104082115395 14.925373134328357 0.6218905472636815
68 0.0006937472983111567 78.16109258908433 14.705882352941178 0.6127450980392157
69 0.0010051666372768418 40.436776224335716 14.492753623188406 0.6038647342995168
70 0.0011437046369549679 75.22360791716378 14.285714285714286 0.5952380952380952
71 0.0008457895957518578 19.323750228874733 14.084507042253522 0.5868544600938966
72 0.000777806485454621 52.79171873763413 13.88888888888889 0.5787037037037037
73 0.0006075650986020212 67.75511144278137 13.698630136986301 0.5707762557077626
74 0.00040745121217030685 64.14830180611082 13.513513513513514 0.5630630630630631
75 0.00013194663346008533 -31.56942932398854 13.333333333333332 0.5555555555555556
76 0.0012874337376207272 62.06414734916164 13.157894736842106 0.5482456140350878
77 0.0013343583026738863 85.62158593427328 12.987012987012989 0.5411255411255411
78 0.0007397447077100448 59.25828856689981 12.820512820512821 0.5341880341880342
79 0.0005056344470721712 3.0340983103342736 12.658227848101266 0.5274261603375526
80 0.00019088916764554864 68.87226544979306 12.499999999999998 0.5208333333333333
81 0.0008601861307519267 44.41428450612434 12.345679012345679 0.51440329218107
82 0.0004529123051968055 106.398249658092 12.195121951219514 0.508130081300813
83 0.00032293480333486606 51.63927845709521 12.048192771084336 0.502008032128514
84 0.00082263455077379 60.55039532722111 11.904761904761905 0.496031746031746
85 8.341556143548278e-05 80.71301862537561 11.76470588235294 0.4901960784313726
86 0.00174858101496869 65.74122454267193 11.627906976744185 0.48449612403100767
87 0.0006970238109775288 -32.07620974176574 11.494252873563221 0.4789272030651341
88 0.0004231927800542593 88.93854279558525 11.363636363636365 0.47348484848484856
89 0.000844223423786157 54.01873839164354 11.235955056179774 0.4681647940074905
90 0.0004892169276221844 58.12997591924079 11.11111111111111 0.4629629629629629
91 0.0017142034127773367 66.01170461271303 10.98901098901099 0.4578754578754579
92 0.0015813336553224318 63.26307400296845 10.869565217391303 0.4528985507246377
93 0.0009308339019123969 7.644543548635948 10.752688172043012 0.44802867383512546
94 0.0016026978453587209 70.91328946838237 10.638297872340427 0.4432624113475177
95 0.0009401834781261275 65.69300639555986 10.526315789473683 0.43859649122807015
96 0.0007457302845443625 121.06372983127767 10.416666666666668 0.4340277777777778
97 0.0008333447894633482 30.823501241065717 10.309278350515465 0.42955326460481097
98 0.001417105640228738 45.40350605686365 10.204081632653061 0.42517006802721086
99 0.0008598415492535378 -158.61375589935062 10.1010101010101 0.42087542087542085
100 0.0005884712819500638 46.16276795426775 10.0 0.41666666666666663
101 0.0006461107472223839 -38.487704984827275 9.900990099009901 0.4125412541254125
102 0.0016095566660538404 174.77338985416893 9.803921568627452 0.4084967320261438
103 0.0007642269466448527 93.01108698984127 9.708737864077671 0.40453074433656966
104 0.0016068352630328761 63.65943607869127 9.615384615384613 0.40064102564102555
105 0.0018306878180377505 129.08956718343703 9.523809523809524 0.3968253968253968
106 0.0023520701382402647 135.17077561527333 9.433962264150944 0.39308176100628933
107 0.0001916149216168739 -0.39185646170511773 9.345794392523365 0.38940809968847356
108 0.002975029387023301 132.1716328244318 9.259259259259261 0.38580246913580246
109 0.0015603607844771052 -25.50590615407437 9.174311926605506 0.3822629969418961
110 0.0014186340898422534 -27.646109287448727 9.09090909090909 0.3787878787878788
111 0.001940201670982631 -43.88526021801307 9.00900900900901 0.37537537537537535
112 0.0004912607852651144 -37.28172210784089 8.928571428571429 0.37202380952380953
113 0.0023512006455704364 175.8892265418863 8.849557522123893 0.3687315634218289
114 0.0014807749596931616 -173.98195621961383 8.771929824561404 0.3654970760233919
115 0.001885944898387921 59.39368063550151 8.695652173913045 0.3623188405797101
116 0.0011348851694166233 -167.90242829505686 8.620689655172413 0.35919540229885055
117 0.0007373393493371706 178.6439862732411 8.547008547008547 0.3561253561253561
118 0.0021034592361485723 159.9778892344752 8.474576271186441 0.35310734463276844
119 0.0006427556058470157 81.47230985267215 8.403361344537815 0.35014005602240894
120 0.003030385569169629 110.60413449032723 8.333333333333334 0.3472222222222222
121 0.0037364956033365394 -175.2341179498266 8.264462809917356 0.3443526170798898
122 0.0024375664022629026 -16.306581987457943 8.19672131147541 0.34153005464480873
123 0.001676582913055224 -76.04735505342879 8.130081300813009 0.33875338753387535
124 0.0018753166696424495 41.62191015860592 8.06451612903226 0.33602150537634407
125 0.0016576854108358093 -63.80743899410343 8.0 0.3333333333333333
126 0.0015040791355177756 -156.95910013979622 7.936507936507937 0.33068783068783064
127 0.0002452246696627827 109.5467568210755 7.874015748031496 0.32808398950131235
128 0.0013268555650732849 -39.93789834357206 7.8125 0.3255208333333333
129 0.00046986888709914834 132.27447750718304 7.751937984496125 0.32299741602067183
130 0.0011690695363464599 -76.71915546927593 7.692307692307693 0.32051282051282054
131 0.0005102699582897908 -116.93623533193295 7.633587786259541 0.3180661577608142
132 0.0013421076200582918 26.048409485676505 7.575757575757575 0.3156565656565657
133 0.0022227530407106138 39.11330363958481 7.518796992481204 0.31328320802005016
134 0.001991364010006191 -20.564993429295114 7.462686567164178 0.31094527363184077
135 0.0014352467712018507 63.22067897515297 7.407407407407408 0.308641975308642
136 0.0017007826693686467 -58.74310513806657 7.352941176470589 0.30637254901960786
137 0.0009133040922411811 -9.514497492654778 7.2992700729927 0.3041362530413625
138 0.0016807602144477617 -49.46539149609709 7.246376811594203 0.3019323671497584
139 0.001332284899326269 87.4330453093988 7.194244604316547 0.2997601918465228
140 0.0003549950094270187 59.26883391000381 7.142857142857143 0.2976190476190476
141 0.0013372767981660787 42.10802002880544 7.092198581560284 0.29550827423167847
142 0.000701744894751678 38.12827629232867 7.042253521126761 0.2934272300469483
143 0.0014618257866364488 111.64734386801652 6.993006993006993 0.29137529137529133
144 0.000509241179758698 94.5411057750427 6.944444444444445 0.28935185185185186
145 0.0019348619051952121 78.10180080699432 6.896551724137932 0.28735632183908044
146 0.0018434038080631348 -4.007309147252771 6.8493150684931505 0.2853881278538813
147 0.0002950546641070266 128.0158139510718 6.802721088435374 0.28344671201814053
148 0.0008211135964065701 117.9559370412057 6.756756756756757 0.28153153153153154
149 0.0012383274519266524 34.46615323973617 6.7114093959731544 0.2796420581655481
150 0.00020128099768185545 -2.3356226943027396 6.666666666666666 0.2777777777777778
151 0.0006528031991408323 83.10651453774291 6.622516556291392 0.2759381898454747
152 0.000642498356342829 21.043768040807674 6.578947368421053 0.2741228070175439
153 0.0004472869655931754 2.416523706072224 6.5359477124183005 0.2723311546840958
154 0.0010502103184561427 134.09553870713543 6.493506493506494 0.27056277056277056
155 0.0009495813339726775 44.45546706514595 6.451612903225806 0.26881720430107525
156 0.00044960080065379633 133.41212725501782 6.410256410256411 0.2670940170940171
157 0.000766029177701667 50.41594591301675 6.369426751592357 0.2653927813163482
158 0.001678325154329779 84.76481542675252 6.329113924050633 0.2637130801687763
159 0.00078987934381439 53.45526880925835 6.289308176100629 0.26205450733752617
160 0.0003370493528545847 -106.42018445522794 6.249999999999999 0.26041666666666663
161 0.0006661367412724046 119.28775508152843 6.2111801242236035 0.2587991718426501
162 0.0010007732518670814 -142.30760048691087 6.172839506172839 0.257201646090535
163 0.0003204997362945344 126.43969201772302 6.134969325153374 0.2556237218813906
164 0.0010462086698061709 -2.2706286967844345 6.097560975609757 0.2540650406504065
165 0.0006808771384980659 -176.16754110577077 6.060606060606061 0.25252525252525254
166 0.0006131559650132467 -39.72223355461323 6.024096385542168 0.251004016064257
167 0.0006830858371392409 108.09886688669994 5.9880239520958085 0.249500998003992
168 0.0016404699858429798 -170.23048533266143 5.9523809523809526 0.248015873015873
169 0.0006229475600434875 55.29492229543938 5.9171597633136095 0.24654832347140038
170 0.00041791241783865185 95.30591946068665 5.88235294117647 0.2450980392156863
171 0.0009939548068704444 -18.643331410447097 5.847953216374269 0.24366471734892786
172 0.0011620160964694926 -74.30842063679953 5.813953488372093 0.24224806201550383
173 0.0006136806207577919 120.06729034131433 5.78034682080925 0.24084778420038536
174 0.0005028029342878552 83.71103570097416 5.747126436781611 0.23946360153256704
175 0.0004749966878071091 -47.28329007979239 5.714285714285714 0.23809523809523808
176 0.0009474140251351971 -28.642714114962697 5.6818181818181825 0.23674242424242428
177 0.000991191251565722 52.45724404279023 5.649717514124293 0.2354048964218456
178 0.0007873842465639969 -95.31288695442738 5.617977528089887 0.23408239700374525
179 0.00015429278631274053 108.1272003125009 5.5865921787709505 0.23277467411545621
180 0.0005610153426836405 134.61319387780836 5.555555555555555 0.23148148148148145
181 0.0007310090744694293 -27.224885704419382 5.524861878453038 0.23020257826887658
182 5.515349736516432e-05 -34.83529092639926 5.494505494505495 0.22893772893772896
183 0.0005798018326166874 55.96761274606105 5.464480874316941 0.22768670309653918
184 0.00023174250155198173 -53.26246510792063 5.434782608695651 0.22644927536231885
185 0.0007067984484821054 113.0624389384458 5.405405405405406 0.22522522522522526
186 0.0010402266451226968 40.07774292293014 5.376344086021506 0.22401433691756273
187 0.0005641515479804995 -30.821651994137834 5.3475935828877 0.2228163992869875
188 0.00020312792801336314 -52.97947870458221 5.319148936170214 0.22163120567375885
189 0.0001295812897492575 1.887582554723917 5.29100529100529 0.2204585537918871
190 0.0005333329009821801 -20.665504408971486 5.263157894736842 0.21929824561403508
191 0.0004922230798013256 -15.537021382191634 5.235602094240838 0.21815008726003493
192 0.0005340671012688675 70.96180834357718 5.208333333333334 0.2170138888888889
193 0.0005589572628887464 3.059218224704848 5.181347150259068 0.21588946459412778
194 0.0003266685719702264 18.626915255564285 5.154639175257732 0.21477663230240548
195 0.00016836984654939924 58.76496604354103 5.128205128205129 0.21367521367521367
196 0.00048154069490896785 35.662515121187255 5.1020408163265305 0.21258503401360543
197 0.0001776366240014953 -7.145021775432378 5.076142131979696 0.21150592216582068
198 0.00027357115465564833 6.758912303948114 5.05050505050505 0.21043771043771042
199 0.0001352993150481533 44.715021574321504 5.025125628140703 0.20938023450586266
200 9.998295954897297e-05 -111.44327832091435 5.0 0.20833333333333331
