1 0.0012226421417280181 0.7359617878500789 1000.0 41.666666666666664
2 0.0011710137131691867 3.601169321220586 500.0 20.833333333333332
3 0.0013528543682031365 -1.8921064167072998 333.33333333333337 13.88888888888889
4 0.0012931980559080848 3.469646277268024 250.0 10.416666666666666
5 0.0012633318511793246 2.781767778287989 199.99999999999997 8.333333333333332
6 0.0012444509494656975 6.772804088012173 166.66666666666669 6.944444444444445
7 0.0013096634115621157 3.480448082609446 142.85714285714286 5.9523809523809526
8 0.0013614572675970107 6.939131167060155 125.0 5.208333333333333
9 0.0013049115816987976 8.172950807977887 111.11111111111111 4.62962962962963
10 0.0013418365785176718 10.556950684118746 99.99999999999999 4.166666666666666
11 0.0014040872969371323 11.693662701821715 90.90909090909092 3.7878787878787885
12 0.0014170388520053489 10.273827721943324 83.33333333333334 3.4722222222222223
13 0.001386341673805048 12.291748432250161 76.9230769230769 3.2051282051282044
14 0.001501421591919523 13.38973866831563 71.42857142857143 2.9761904761904763
15 0.0015304845506315275 14.403036975499404 66.66666666666667 2.7777777777777777
16 0.0015637348597624802 14.439831839094856 62.5 2.6041666666666665
17 0.0016270495054863375 16.584974734352787 58.82352941176471 2.450980392156863
18 0.0016991693919643765 18.05119501778653 55.55555555555556 2.314814814814815
19 0.001724114705940512 17.44157273957398 52.631578947368425 2.192982456140351
20 0.0018889558694346045 19.506921643686773 49.99999999999999 2.083333333333333
21 0.0018791976523606856 20.282646365482137 47.61904761904762 1.984126984126984
22 0.001981486048149473 21.71401634836375 45.45454545454546 1.8939393939393943
23 0.0021388637963207294 22.18476402793235 43.47826086956521 1.8115942028985508
24 0.0022198225624804123 20.678623419129266 41.66666666666667 1.7361111111111112
25 0.002383338630901869 24.430179892468256 40.0 1.6666666666666665
26 0.002560689475641431 20.453081580948506 38.46153846153845 1.6025641025641022
27 0.0025802411662088874 25.06114729273734 37.037037037037045 1.5432098765432098
28 0.003099548243955119 25.686007319393717 35.714285714285715 1.4880952380952381
29 0.0035596181929489963 19.275809201151453 34.48275862068965 1.4367816091954022
30 0.004208766018594931 28.739177224879537 33.333333333333336 1.3888888888888888
31 0.00429949708587731 30.815203628886778 32.25806451612904 1.3440860215053763
32 0.004974596499265235 30.423641289661294 31.25 1.3020833333333333
33 0.005137027506359489 33.90560772701798 30.3030303030303 1.2626262626262628
34 0.007344457570797697 29.131828276112323 29.411764705882355 1.2254901960784315
35 0.011038147654557939 26.872625498115006 28.571428571428573 1.1904761904761905
36 0.01665905139003371 28.150535495222517 27.77777777777778 1.1574074074074074
37 0.0507228512902906 18.75490262125003 27.027027027027028 1.1261261261261262
38 0.06636230880647458 -158.6555862269281 26.315789473684212 1.0964912280701755
39 0.020810469992914186 -147.34925515171102 25.641025641025642 1.0683760683760684
40 0.010589786178412133 -145.43750913448469 24.999999999999996 1.0416666666666665
41 0.00835551194865758 -147.84624024315235 24.39024390243903 1.016260162601626
42 0.006189638265383168 -146.06373348775068 23.80952380952381 0.992063492063492
43 0.00546402228588019 -146.3152478392398 23.25581395348837 0.9689922480620153
44 0.004716812145359832 -139.0603708725334 22.72727272727273 0.9469696969696971
45 0.003354750353213864 -142.35129456628144 22.22222222222222 0.9259259259259258
46 0.003878868591284428 -138.50109143860675 21.739130434782606 0.9057971014492754
47 0.0030300370805065066 -143.4796936564351 21.276595744680854 0.8865248226950354
48 0.0027341729472064756 -142.75336752468544 20.833333333333336 0.8680555555555556
49 0.002469191990444206 -149.77894663090325 20.408163265306122 0.8503401360544217
50 0.0014201974092891935 -124.15965776755078 20.0 0.8333333333333333
51 0.0015558559950541904 -80.53189694566855 19.607843137254903 0.8169934640522876
52 0.001698175180081797 -137.99897745194272 19.230769230769226 0.8012820512820511
53 0.0021709661580228954 -139.1622383764598 18.867924528301888 0.7861635220125787
54 0.0016723266508444621 -136.5139500700616 18.518518518518523 0.7716049382716049
55 0.0013841195868235902 -131.8144527121666 18.18181818181818 0.7575757575757576
56 0.0016751657827290764 -126.68722789954373 17.857142857142858 0.7440476190476191
57 0.0006716622118585844 -147.61659753621905 17.54385964912281 0.7309941520467838
58 0.0008661442642315022 -158.38059555738934 17.241379310344826 0.7183908045977011
59 0.0010228097108421648 -138.92764708043742 16.949152542372882 0.7062146892655369
60 0.0005774770073823665 -88.01690215451207 16.666666666666668 0.6944444444444444
61 0.0012112374851747246 -117.77206394656484 16.39344262295082 0.6830601092896175
62 0.0010402181805820993 -129.46401749131235 16.12903225806452 0.6720430107526881
63 0.0011052841161457506 -138.7424486256444 15.873015873015873 0.6613756613756613
64 0.0008007082720215601 -152.0464809421433 15.625 0.6510416666666666
65 0.0011324174930815798 158.61937656505404 15.384615384615387 0.6410256410256411
66 0.0012789746115132764 -120.35124817542206 15.15151515151515 0.6313131313131314
67 0.0012191948812979537 -149.36868782114183 14.925373134328357 0.6218905472636815
68 0.001226671145343637 -125.77834512945644 14.705882352941178 0.6127450980392157
69 0.0014034846095727785 -129.37795268225042 14.492753623188406 0.6038647342995168
70 0.0010795450702694462 -143.07502378057433 14.285714285714286 0.5952380952380952
71 0.0009923155373820233 -136.05807973743876 14.084507042253522 0.5868544600938966
72 0.0006009618537519572 -144.38631958123622 13.88888888888889 0.5787037037037037
73 0.0008001160296497554 -131.96739459059933 13.698630136986301 0.5707762557077626
74 0.0010231046201984524 -153.2614115078525 13.513513513513514 0.5630630630630631
75 0.0014838738537816159 157.70051005981978 13.333333333333332 0.5555555555555556
76 0.0009525921672353848 -127.6125562504288 13.157894736842106 0.5482456140350878
77 0.0008749253854671517 -103.66455888829306 12.987012987012989 0.5411255411255411
78 0.0009314696333638219 -98.46723026670847 12.820512820512821 0.5341880341880342
79 0.0013755781651615762 -115.60747700599232 12.658227848101266 0.5274261603375526
80 0.0007058200550453 -98.94240866189973 12.499999999999998 0.5208333333333333
81 0.0011127188316154347 -129.61017797669294 12.345679012345679 0.51440329218107
82 0.0006795533727571245 -119.25874628245462 12.195121951219514 0.508130081300813
83 0.00046944027623038677 -157.14683919364526 12.048192771084336 0.502008032128514
84 0.0008741783352092003 -138.02852299517988 11.904761904761905 0.496031746031746
85 0.0009683543605325982 -110.86594725535926 11.76470588235294 0.4901960784313726
86 0.0007138725613743734 -43.89296751247306 11.627906976744185 0.48449612403100767
87 0.0006395819589973278 -161.17223218393485 11.494252873563221 0.4789272030651341
88 0.0004715026804868493 -99.02701102107771 11.363636363636365 0.47348484848484856
89 0.00043045291327506013 -104.96935714180209 11.235955056179774 0.4681647940074905
90 0.0010959067942092663 -147.29666337727792 11.11111111111111 0.4629629629629629
91 0.0004955279554142335 -147.45741500614946 10.98901098901099 0.4578754578754579
92 0.000773232468164276 170.3805358069609 10.869565217391303 0.4528985507246377
93 0.00237671580896714 -144.0875994299941 10.752688172043012 0.44802867383512546
94 0.0003745536995883301 132.64171068229467 10.638297872340427 0.4432624113475177
95 0.001098259895239784 -42.367475697962 10.526315789473683 0.43859649122807015
96 0.001100800733075909 -77.39931612624503 10.416666666666668 0.4340277777777778
97 0.0005534023735657587 51.084244559312886 10.309278350515465 0.42955326460481097
98 0.0011429454841739642 -158.1870703910076 10.204081632653061 0.42517006802721086
99 0.0010293272494766392 -94.96770222745853 10.1010101010101 0.42087542087542085
100 0.000510035222161084 -57.180295907360005 10.0 0.41666666666666663
101 0.000545794043674858 -103.40848991406702 9.900990099009901 0.4125412541254125
102 0.0005566690342880959 -91.19219643651597 9.803921568627452 0.4084967320261438
103 0.0008913052827935153 -93.74112001925107 9.708737864077671 0.40453074433656966
104 0.0010964475659670442 67.11957768213419 9.615384615384613 0.40064102564102555
105 0.0005269167484441482 -72.40727162013712 9.523809523809524 0.3968253968253968
106 0.0003669359056368834 44.84106133916546 9.433962264150944 0.39308176100628933
107 0.0006648643965925021 -20.842429553397093 9.345794392523365 0.38940809968847356
108 0.0014296404541937597 143.08249361119945 9.259259259259261 0.38580246913580246
109 0.0017219700654596125 -77.11318587862287 9.174311926605506 0.3822629969418961
110 0.0008996566794151196 -160.4297253932471 9.09090909090909 0.3787878787878788
111 0.0018043473123059335 20.997202128400023 9.00900900900901 0.37537537537537535
112 0.001601067375031347 153.90346869206996 8.928571428571429 0.37202380952380953
113 0.0043505872780040976 -147.8147195577393 8.849557522123893 0.3687315634218289
114 0.0032248973380766847 178.13413543895618 8.771929824561404 0.3654970760233919
115 0.001041878652114238 -84.53737998187086 8.695652173913045 0.3623188405797101
116 0.0013290610601615822 -162.71818829279 8.620689655172413 0.35919540229885055
117 0.0004826522993861741 -68.25387827137078 8.547008547008547 0.3561253561253561
118 0.002115594896093099 173.20799776431252 8.474576271186441 0.35310734463276844
119 0.0005305647573915812 -107.36547425371275 8.403361344537815 0.35014005602240894
120 0.0013650587259719947 -136.2242398177273 8.333333333333334 0.3472222222222222
121 0.001483027842025598 112.01717003615273 8.264462809917356 0.3443526170798898
122 0.0011227550216135818 -73.47074181864575 8.19672131147541 0.34153005464480873
123 0.00267931594078679 -29.324950905287203 8.130081300813009 0.33875338753387535
124 0.0012184247875557089 120.23792568755918 8.06451612903226 0.33602150537634407
125 0.0013480043999300306 131.83006298454558 8.0 0.3333333333333333
126 0.0009381879607730376 12.574359758962556 7.936507936507937 0.33068783068783064
127 0.0016271205507636252 -66.26386294922875 7.874015748031496 0.32808398950131235
128 0.0023341021997897696 -115.818670245753 7.8125 0.3255208333333333
129 0.0007255763936620975 8.918794013400321 7.751937984496125 0.32299741602067183
130 0.0011887229847578513 101.02934102373457 7.692307692307693 0.32051282051282054
131 0.00025755352401087776 -113.4283875390775 7.633587786259541 0.3180661577608142
132 0.001168499117795992 -81.51080046309315 7.575757575757575 0.3156565656565657
133 7.365623230908319e-05 -57.10765388025086 7.518796992481204 0.31328320802005016
134 0.0001899588405277136 -39.09395355075867 7.462686567164178 0.31094527363184077
135 0.00016521895210314967 131.52100215385892 7.407407407407408 0.308641975308642
136 0.0009075351612526987 -1.8991046459088512 7.352941176470589 0.30637254901960786
137 0.0006160280519121033 57.937274915828844 7.2992700729927 0.3041362530413625
138 0.0011573010389360101 137.54671904909623 7.246376811594203 0.3019323671497584
139 0.0011357385823259742 -41.442512050545304 7.194244604316547 0.2997601918465228
140 0.000755235708389323 -89.27411208167874 7.142857142857143 0.2976190476190476
141 0.0007222282405474074 -82.27400777961097 7.092198581560284 0.29550827423167847
142 0.0008029884876400785 111.80978937101816 7.042253521126761 0.2934272300469483
143 0.0016748794294096164 -73.10514690088164 6.993006993006993 0.29137529137529133
144 0.0011285327227425884 -142.47473840009428 6.944444444444445 0.28935185185185186
145 0.0033108173783204325 160.3798553078392 6.896551724137932 0.28735632183908044
146 0.0016578195744339425 115.9174680364434 6.8493150684931505 0.2853881278538813
147 0.002002806784058951 -128.79857121128268 6.802721088435374 0.28344671201814053
148 0.0007640273331126246 -48.715594325288166 6.756756756756757 0.28153153153153154
149 0.0005673938857245381 -175.8911904659943 6.7114093959731544 0.2796420581655481
150 0.0014617150106543372 109.87653958472126 6.666666666666666 0.2777777777777778
151 0.001302680864205567 13.862143871481196 6.622516556291392 0.2759381898454747
152 0.0015991311354518404 -52.79922238868172 6.578947368421053 0.2741228070175439
153 0.0006090981537106413 173.14937874455396 6.5359477124183005 0.2723311546840958
154 0.0010681234512099208 -160.49774774941753 6.493506493506494 0.27056277056277056
155 0.00011841657175772837 82.40523288050703 6.451612903225806 0.26881720430107525
156 0.0002004918842333525 -64.16459383111982 6.410256410256411 0.2670940170940171
157 0.00044252971837195355 134.30329481030023 6.369426751592357 0.2653927813163482
158 0.0005720556125172604 -24.016520969750506 6.329113924050633 0.2637130801687763
159 0.0017342349178910647 -75.68383527549625 6.289308176100629 0.26205450733752617
160 0.000983968314820403 -106.48499602240639 6.249999999999999 0.26041666666666663
161 0.00011724063745372518 -81.76220424150293 6.2111801242236035 0.2587991718426501
162 0.0010292865699565161 -40.431875648269866 6.172839506172839 0.257201646090535
163 0.0006547793754262351 -170.20042802723435 6.134969325153374 0.2556237218813906
164 0.0004340208520746533 -173.4854952738864 6.097560975609757 0.2540650406504065
165 0.00031811264570325265 -95.50527627096588 6.060606060606061 0.25252525252525254
166 0.00039383387778023295 -64.58987104936445 6.024096385542168 0.251004016064257
167 0.00045617334381246676 128.25551484056075 5.9880239520958085 0.249500998003992
168 0.0006119138473871008 -135.773615291135 5.9523809523809526 0.248015873015873
169 0.0009409979535329864 -58.67804131836862 5.9171597633136095 0.24654832347140038
170 0.0003262893384739573 -160.96500472712438 5.88235294117647 0.2450980392156863
171 0.0011239678388517713 -139.2358047846842 5.847953216374269 0.24366471734892786
172 0.0003476905775787956 -114.69680894587923 5.813953488372093 0.24224806201550383
173 0.0007938654331590304 -98.35718411585471 5.78034682080925 0.24084778420038536
174 0.001230503324042905 -98.10334880009441 5.747126436781611 0.23946360153256704
175 0.0009511164079788126 -140.12227128378066 5.714285714285714 0.23809523809523808
176 0.0010306000249551278 171.76559496726784 5.6818181818181825 0.23674242424242428
177 0.0009470086716380617 117.69776882391189 5.649717514124293 0.2354048964218456
178 0.00019478328884418828 -137.19070379766345 5.617977528089887 0.23408239700374525
179 0.0007250888748261769 36.59875663386667 5.5865921787709505 0.23277467411545621
180 0.00044333975385593824 -119.49899244055989 5.555555555555555 0.23148148148148145
181 0.0006644837405370782 5.810874918967063 5.524861878453038 0.23020257826887658
182 0.0010840746305464989 159.5624326877466 5.494505494505495 0.22893772893772896
183 0.001345390765013645 -38.311821440164174 5.464480874316941 0.22768670309653918
184 0.0006964196751269818 115.57233605177048 5.434782608695651 0.22644927536231885
185 0.000631972840299977 -83.3851455436192 5.405405405405406 0.22522522522522526
186 0.0006637248741404789 171.74762965747044 5.376344086021506 0.22401433691756273
187 0.0008017931178111129 -125.17199352809214 5.3475935828877 0.2228163992869875
188 0.0005142674912057443 103.6241587850032 5.319148936170214 0.22163120567375885
189 0.00098719274168049 157.07080157745912 5.29100529100529 0.2204585537918871
190 0.00012644036000113387 80.45132049895642 5.263157894736842 0.21929824561403508
191 0.0004494699992725942 -130.42493508200837 5.235602094240838 0.21815008726003493
192 0.0004755473937322497 -170.01597311240118 5.208333333333334 0.2170138888888889
193 0.00018179680977942352 -142.22403473683656 5.181347150259068 0.21588946459412778
194 0.0002534204848854527 -112.64058481676685 5.154639175257732 0.21477663230240548
195 0.0007178772713377363 -168.2121153180318 5.128205128205129 0.21367521367521367
196 0.00044732843623397823 -161.98669621125688 5.1020408163265305 0.21258503401360543
197 0.0002998440602484498 169.37967966989277 5.076142131979696 0.21150592216582068
198 0.00036484160422462023 -141.71363638763884 5.05050505050505 0.21043771043771042
199 0.00023922639501520746 139.05281906699668 5.025125628140703 0.20938023450586266
200 0.0001627484678158073 -179.90818301492766 5.0 0.20833333333333331
