20000,-0.06801786
20001,-0.04489948
20002,-0.02504532
20003,-0.00779012
20004,0.01036161
20005,0.03100568
20006,0.05211825
20007,0.06949874
20008,0.07970508
20009,0.08401355
20010,0.08653666
20011,0.08741566
20012,0.08220397
20013,0.06867177
20014,0.05053329
20015,0.03332428
20016,0.01776249
20017,-0.00064561
20018,-0.02393492
20019,-0.04708285
20020,-0.06184278
20021,-0.06587577
20022,-0.06692959
20023,-0.07390781
20024,-0.08671971
20025,-0.09711187
20026,-0.09604732
20027,-0.0796347
20028,-0.05127332
20029,-0.01918288
20030,0.00956411
20031,0.03201922
20032,0.04782962
20033,0.0575859
20034,0.06385697
20035,0.07171089
20036,0.08457974
20037,0.09891099
20038,0.10493878
20039,0.09534449
20040,0.07087585
20041,0.0394087
20042,0.01088194
20043,-0.01063698
20044,-0.02785859
20045,-0.04397581
20046,-0.05851347
20047,-0.06903052
20048,-0.07440712
20049,-0.07622999
20050,-0.07843919
20051,-0.08346144
20052,-0.08683087
20053,-0.07962415
20054,-0.05892788
20055,-0.03056654
20056,-0.00211902
20057,0.02279303
20058,0.0437136
20059,0.05966619
20060,0.06946942
20061,0.07367804
20062,0.07525241
20063,0.07716145
20064,0.0794867
20065,0.07992823
20066,0.07503463
20067,0.06140985
20068,0.03779523
20069,0.00820707
20070,-0.0184765
20071,-0.03543735
20072,-0.0444596
20073,-0.0536343
20074,-0.06745819
20075,-0.08223794
20076,-0.09170108
20077,-0.0930586
20078,-0.08691182
20079,-0.07379911
20080,-0.05453384
20081,-0.03229448
20082,-0.01119532
20083,0.00767065
20084,0.0274604
20085,0.04875287
20086,0.06512194
20087,0.0712572
20088,0.07052701
20089,0.07089501
20090,0.07602377
20091,0.08123998
20092,0.07828896
20093,0.06322081
20094,0.03966612
20095,0.01532951
20096,-0.0044148
20097,-0.01983987
20098,-0.03389733
20099,-0.04790104
20100,-0.06186987
20101,-0.07535809
20102,-0.08612975
20103,-0.09007976
20104,-0.08466014
20105,-0.07203375
20106,-0.05795468
20107,-0.04606932
20108,-0.03386446
20109,-0.0161099
20110,0.00870043
20111,0.03623439
20112,0.06063091
20113,0.07764467
20114,0.08579797
20115,0.08666017
20116,0.08356968
20117,0.07959702
20118,0.07484595
20119,0.0662942
20120,0.0504391
20121,0.02791336
20122,0.0033451
20123,-0.017993
20124,-0.03263274
20125,-0.0419924
20126,-0.05134851
20127,-0.06468719
20128,-0.08042896
20129,-0.09234019
20130,-0.09540702
20131,-0.09011853
20132,-0.07932511
20133,-0.06331912
20134,-0.04130265
20135,-0.01501845
20136,0.01109717
20137,0.03405388
20138,0.05429752
20139,0.07103971
20140,0.08117209
20141,0.08327986
20142,0.08042592
20143,0.07804942
20144,0.07797845
20145,0.07764887
20146,0.07227677
20147,0.05750577
20148,0.03156256
20149,-0.00320687
20150,-0.03877223
20151,-0.06527426
20152,-0.07613992
20153,-0.07240105
20154,-0.06425481
20155,-0.06408109
20156,-0.07549413
20157,-0.09058996
20158,-0.09642845
20159,-0.08442765
20160,-0.05615722
20161,-0.02154264
20162,0.0073097
20163,0.02557475
20164,0.03810541
20165,0.05001344
20166,0.06087989
20167,0.06952827
20168,0.07792885
20169,0.08737765
20170,0.09359197
20171,0.09061897
20172,0.07758209
20173,0.05757979
20174,0.03471769
20175,0.01188999
20176,-0.00981014
20177,-0.02895849
20178,-0.04341886
20179,-0.05369127
20180,-0.06427119
20181,-0.0783099
20182,-0.09372167
20183,-0.10452534
20184,-0.10440845
20185,-0.09090682
20186,-0.06705581
20187,-0.03995015
20188,-0.01545451
20189,0.00615373
20190,0.02572466
20191,0.04218517
20192,0.05584814
20193,0.06876897
20194,0.0819307
20195,0.09264715
20196,0.0962052
20197,0.09156005
20198,0.08285086
20199,0.07292726
20200,0.05888356
20201,0.03612525
20202,0.00583398
20203,-0.02447563
20204,-0.04900417
20205,-0.06636398
20206,-0.07653988
20207,-0.08027651
20208,-0.08047768
20209,-0.08082939
20210,-0.08195594
20211,-0.0810223
20212,-0.07620648
20213,-0.06660338
20214,-0.04896709
20215,-0.02089065
20216,0.01481115
20217,0.04830343
20218,0.06961524
20219,0.07665848
20220,0.07662
20221,0.07916187
20222,0.08535328
20223,0.08912797
20224,0.0845577
20225,0.07148907
20226,0.05424219
20227,0.03593744
20228,0.01767857
20229,-0.00262555
20230,-0.02737514
20231,-0.05260466
20232,-0.06952851
20233,-0.07346478
20234,-0.070126
20235,-0.07079536
20236,-0.08009918
20237,-0.09156246
20238,-0.09383266
20239,-0.08049554
20240,-0.05366756
20241,-0.01991024
20242,0.01314018
20243,0.03840861
20244,0.05220126
20245,0.05658834
20246,0.05911535
20247,0.06760897
20248,0.08255015
20249,0.09642784
20250,0.10017112
20251,0.08992893
20252,0.06898461
20253,0.04510532
20254,0.02444455
20255,0.00699673
20256,-0.01157648
20257,-0.0339374
20258,-0.05710274
20259,-0.07586288
20260,-0.08656144
20261,-0.08895245
20262,-0.08625948
20263,-0.08223468
20264,-0.0786263
20265,-0.07365414
20266,-0.06364397
20267,-0.04540152
20268,-0.01833296
20269,0.01422804
20270,0.04588925
20271,0.06840968
20272,0.07719845
20273,0.07597992
20274,0.07369578
20275,0.07749676
20276,0.08686347
20277,0.092765
20278,0.08533886
20279,0.06347338
20280,0.03574882
20281,0.01272797
20282,-0.0032742
20283,-0.01871246
20284,-0.03990664
20285,-0.06564758
20286,-0.08746501
20287,-0.09747425
20288,-0.09535267
20289,-0.08806122
20290,-0.08122454
20291,-0.07316842
20292,-0.06020475
20293,-0.04248666
20294,-0.02330422
20295,-0.0046243
20296,0.01509584
20297,0.03716864
20298,0.06024685
20299,0.08140948
20300,0.09690617
20301,0.10319892
20302,0.09814894
20303,0.08302461
20304,0.06337924
20305,0.04667262
20306,0.03678451
20307,0.02981306
20308,0.01874487
20309,-0.00045088
20310,-0.02701204
20311,-0.05567988
20312,-0.07902975
20313,-0.09044435
20314,-0.08931594
20315,-0.08211796
20316,-0.07617924
20317,-0.07228702
20318,-0.0655127
20319,-0.05410815
20320,-0.0407544
20321,-0.02617105
20322,-0.00671826
20323,0.02011271
20324,0.05007921
20325,0.07417619
20326,0.0858579
20327,0.08621746
20328,0.08225168
20329,0.08067629
20330,0.08230665
20331,0.08143711
20332,0.07078645
20333,0.04864043
20334,0.02092157
20335,-0.00498091
20336,-0.02703514
20337,-0.04684999
20338,-0.06354833
20339,-0.07384468
20340,-0.07756296
20341,-0.07915851
20342,-0.08278045
20343,-0.08804895
20344,-0.09012467
20345,-0.08349781
20346,-0.06493543
20347,-0.03460298
20348,0.00190865
20349,0.03447776
20350,0.05542457
20351,0.06600966
20352,0.07306505
20353,0.0804107
20354,0.08641051
20355,0.0887089
20356,0.08664703
20357,0.07976755
20358,0.06790853
20359,0.0521852
20360,0.03370201
20361,0.01225315
20362,-0.0114782
20363,-0.03417322
20364,-0.05158985
20365,-0.06429038
20366,-0.07749479
20367,-0.09209085
20368,-0.10265881
20369,-0.10299978
20370,-0.09128158
20371,-0.07148288
20372,-0.04935786
20373,-0.02805956
20374,-0.00758143
20375,0.01174997
20376,0.02864987
20377,0.04407238
20378,0.05920421
20379,0.07319252
20380,0.08436272
20381,0.0921063
20382,0.09621858
20383,0.09297781
20384,0.07903605
20385,0.05793106
20386,0.03819761
20387,0.02398662
20388,0.00825994
20389,-0.01636349
20390,-0.04512314
20391,-0.06688661
20392,-0.07752058
20393,-0.08320487
20394,-0.08989038
20395,-0.09441406
20396,-0.09052747
20397,-0.07960391
20398,-0.06870997
20399,-0.05922926
20400,-0.0437924
20401,-0.01654622
20402,0.01811849
20403,0.04929228
20404,0.07012093
20405,0.08130275
20406,0.08703846
20407,0.09094248
20408,0.09351896
20409,0.09140313
20410,0.08064752
20411,0.0638379
20412,0.0486989
20413,0.03721381
20414,0.02174575
20415,-0.00356106
20416,-0.0330338
20417,-0.05576616
20418,-0.06806276
20419,-0.07590987
20420,-0.08529487
20421,-0.09549797
20422,-0.10010168
20423,-0.0926525
20424,-0.07317172
20425,-0.04947693
20426,-0.03152655
20427,-0.02257912
20428,-0.01476524
20429,0.00527224
20430,0.04035915
20431,0.0754296
20432,0.09273212
20433,0.09013323
20434,0.08107696
20435,0.07920424
20436,0.08423648
20437,0.08522272
20438,0.074026
20439,0.05162707
20440,0.02622711
20441,0.00449484
20442,-0.01524004
20443,-0.03807163
20444,-0.06249149
20445,-0.07941872
20446,-0.0828113
20447,-0.07918094
20448,-0.08182932
20449,-0.09198806
20450,-0.09428361
20451,-0.07576638
20452,-0.04387747
20453,-0.01903018
20454,-0.00890651
20455,-0.00178011
20456,0.01547474
20457,0.04281718
20458,0.06950204
20459,0.08554909
20460,0.08872086
20461,0.08450654
20462,0.0803267
20463,0.07841834
20464,0.07454523
20465,0.06316979
20466,0.04446566
20467,0.02415577
20468,0.00488903
20469,-0.01607758
20470,-0.04142366
20471,-0.06702989
20472,-0.08228673
20473,-0.08386511
20474,-0.08038826
20475,-0.0821486
20476,-0.08849278
20477,-0.08772157
20478,-0.07253931
20479,-0.04743081
20480,-0.02294008
20481,-0.00535173
20482,0.00823317
20483,0.02449148
20484,0.04737471
20485,0.07433668
20486,0.09590069
20487,0.1025973
20488,0.09400777
20489,0.07928433
20490,0.06743851
20491,0.0592556
20492,0.05023284
20493,0.03735126
20494,0.02157665
20495,0.00429716
20496,-0.01689612
20497,-0.04476989
20498,-0.07450321
20499,-0.09490293
20500,-0.09901918
20501,-0.08983874
20502,-0.07752979
20503,-0.06967169
20504,-0.06483941
20505,-0.05861232
20506,-0.04835416
20507,-0.03318936
20508,-0.01388605
20509,0.0095743
20510,0.03773461
20511,0.06820262
20512,0.09448929
20513,0.10781549
20514,0.10432331
20515,0.08967646
20516,0.07313599
20517,0.06048609
20518,0.05162694
20519,0.04313955
20520,0.03187703
20521,0.01625806
20522,-0.00436235
20523,-0.02942134
20524,-0.05630308
20525,-0.08065428
20526,-0.09652316
20527,-0.09982079
20528,-0.09189093
20529,-0.07904597
20530,-0.06800102
20531,-0.06104471
20532,-0.05522389
20533,-0.04434262
20534,-0.02442929
20535,0.00256551
20536,0.03110097
20537,0.05570522
20538,0.07347199
20539,0.08457018
20540,0.0906178
20541,0.09274279
20542,0.08993449
20543,0.08112548
20544,0.06816209
20545,0.05497845
20546,0.04292611
20547,0.02812761
20548,0.00754627
20549,-0.01729896
20550,-0.04209901
20551,-0.06437269
20552,-0.0837498
20553,-0.09691079
20554,-0.09933864
20555,-0.09181105
20556,-0.08122984
20557,-0.07193027
20558,-0.06250236
20559,-0.04880865
20560,-0.02939143
20561,-0.00733479
20562,0.0147027
20563,0.03540257
20564,0.05459326
20565,0.07182371
20566,0.08609065
20567,0.0955106
20568,0.09767837
20569,0.09204999
20570,0.08040906
20571,0.0658634
20572,0.04998636
20573,0.032494
20574,0.01330417
20575,-0.00633146
20576,-0.02599799
20577,-0.04701015
20578,-0.06772566
20579,-0.08165724
20580,-0.0858121
20581,-0.08562824
20582,-0.08691273
20583,-0.08794944
20584,-0.08292251
20585,-0.06980651
20586,-0.04922544
20587,-0.02076129
20588,0.01343402
20589,0.04366385
20590,0.05928436
20591,0.06056541
20592,0.05811758
20593,0.06265958
20594,0.07600769
20595,0.09023786
20596,0.09560797
20597,0.08809902
20598,0.07047345
20599,0.04810698
20600,0.02520108
20601,0.00458337
20602,-0.01393708
20603,-0.03200642
20604,-0.04946156
20605,-0.06516497
20606,-0.07812393
20607,-0.08835335
20608,-0.09447449
20609,-0.09345309
20610,-0.08520941
20611,-0.07482002
20612,-0.06510711
20613,-0.04937854
20614,-0.02069591
20615,0.01558888
20616,0.04539233
20617,0.06119335
20618,0.0677281
20619,0.07428652
20620,0.08476284
20621,0.09510337
20622,0.09918723
20623,0.09318237
20624,0.07751454
20625,0.05627587
20626,0.03434197
20627,0.01479484
20628,-0.00285952
20629,-0.0207934
20630,-0.0394834
20631,-0.05771637
20632,-0.07380265
20633,-0.08641505
20634,-0.09425501
20635,-0.09610943
20636,-0.09304336
20637,-0.08594338
20638,-0.07300987
20639,-0.05246729
20640,-0.0261443
20641,0.00102037
20642,0.02461163
20643,0.04302339
20644,0.05703517
20645,0.0672767
20646,0.07518823
20647,0.08335273
20648,0.09274936
20649,0.09941636
20650,0.09596096
20651,0.08034436
20652,0.05810506
20653,0.03479601
20654,0.01109199
20655,-0.01356535
20656,-0.03690135
20657,-0.05576073
20658,-0.06972012
20659,-0.07983311
20660,-0.08672777
20661,-0.09120479
20662,-0.09173679
20663,-0.08438343
20664,-0.06911765
20665,-0.05280264
20666,-0.04037614
20667,-0.02743521
20668,-0.00642207
20669,0.02271834
20670,0.05053841
20671,0.06932542
20672,0.07890524
20673,0.08277776
20674,0.0847532
20675,0.08582163
20676,0.08491057
20677,0.08015478
20678,0.06894587
20679,0.04901637
20680,0.0214311
20681,-0.00618298
20682,-0.02474023
20683,-0.03330658
20684,-0.03994157
20685,-0.05351539
20686,-0.07517622
20687,-0.09560109
20688,-0.1022553
20689,-0.09280214
20690,-0.07739793
20691,-0.06619659
20692,-0.05784878
20693,-0.04186984
20694,-0.01505207
20695,0.0139748
20696,0.03821759
20697,0.05770342
20698,0.07273161
20699,0.07984596
20700,0.07839926
20701,0.07464671
20702,0.07548779
20703,0.08082717
20704,0.08309498
20705,0.07487947
20706,0.0541925
20707,0.0248774
20708,-0.00612157
20709,-0.0335489
20710,-0.05531451
20711,-0.0714961
20712,-0.0808564
20713,-0.08087253
20714,-0.07504741
20715,-0.07271915
20716,-0.07920343
20717,-0.08865406
20718,-0.08702254
20719,-0.06515515
20720,-0.02839244
20721,0.00912947
20722,0.03664047
20723,0.0521872
20724,0.06023715
20725,0.06665874
20726,0.07577367
20727,0.08791797
20728,0.09713334
20729,0.09542459
20730,0.08117533
20731,0.06201247
20732,0.04600349
20733,0.03175803
20734,0.01225727
20735,-0.01447432
20736,-0.04221205
20737,-0.06253308
20738,-0.07069657
20739,-0.06928311
20740,-0.06666724
20741,-0.07082066
20742,-0.08407253
20743,-0.0983054
20744,-0.09860446
20745,-0.07613076
20746,-0.0362161
20747,0.00477873
20748,0.03114534
20749,0.03937503
20750,0.03878767
20751,0.04270919
20752,0.05780888
20753,0.07981671
20754,0.09810454
20755,0.10386591
20756,0.09513932
20757,0.07554825
20758,0.05177698
20759,0.03031002
20760,0.01514367
20761,0.00622854
20762,-0.00297095
20763,-0.02184349
20764,-0.05167714
20765,-0.08173988
20766,-0.09796055
20767,-0.09510325
20768,-0.08247985
20769,-0.07310688
20770,-0.07098287
20771,-0.0711771
20772,-0.06479829
20773,-0.04670031
20774,-0.01934106
20775,0.01134273
20776,0.03861595
20777,0.05792107
20778,0.07008213
20779,0.07949635
20780,0.08883774
20781,0.09550729
20782,0.09464154
20783,0.08476635
20784,0.06932814
20785,0.05306431
20786,0.03782642
20787,0.02121798
20788,-0.00038735
20789,-0.02674691
20790,-0.05297312
20791,-0.0730507
20792,-0.08361845
20793,-0.08615207
20794,-0.08509919
20795,-0.0841447
20796,-0.08422174
20797,-0.0826587
20798,-0.07481622
20799,-0.05748688
20800,-0.02908156
20801,0.00812905
20802,0.04496122
20803,0.06933407
20804,0.0738067
20805,0.06411684
20806,0.05747707
20807,0.06668636
20808,0.08783209
20809,0.10357773
20810,0.09916189
20811,0.07400545
20812,0.03909801
20813,0.00903629
20814,-0.00848184
20815,-0.01819312
20816,-0.02994652
20817,-0.04744218
20818,-0.06504586
20819,-0.07549309
20820,-0.07758906
20821,-0.077395
20822,-0.08148546
20823,-0.08715602
20824,-0.08414795
20825,-0.06694891
20826,-0.04061768
20827,-0.01457991
20828,0.00693709
20829,0.02619345
20830,0.04514256
20831,0.06267458
20832,0.0768563
20833,0.08689833
20834,0.09237296
20835,0.09300634
20836,0.08867733
20837,0.07803852
20838,0.06053982
20839,0.03868768
20840,0.01743481
20841,0.00023306
20842,-0.0142356
20843,-0.03066928
20844,-0.05176738
20845,-0.07296108
20846,-0.08643553
20847,-0.08902711
20848,-0.0850435
20849,-0.08222792
20850,-0.08247424
20851,-0.07906801
20852,-0.06375276
20853,-0.03638763
20854,-0.00652927
20855,0.01657706
20856,0.03189873
20857,0.04468826
20858,0.05968265
20859,0.07674906
20860,0.09076204
20861,0.09665018
20862,0.0943614
20863,0.08766731
20864,0.07916349
20865,0.06604955
20866,0.04554205
20867,0.01959148
20868,-0.00742792
20869,-0.03204456
20870,-0.0522547
20871,-0.06572786
20872,-0.07357439
20873,-0.08058199
20874,-0.09001788
20875,-0.09945101
20876,-0.10112645
20877,-0.08900437
20878,-0.06462547
20879,-0.03668094
20880,-0.01356314
20881,0.00396223
20882,0.02035522
20883,0.03881168
20884,0.05905335
20885,0.07808928
20886,0.09153218
20887,0.09518528
20888,0.08917592
20889,0.07837225
20890,0.06670447
20891,0.05453204
20892,0.04133683
20893,0.02842318
20894,0.01448568
20895,-0.00536809
20896,-0.03071989
20897,-0.05283896
20898,-0.06313195
20899,-0.06448603
20900,-0.06948698
20901,-0.08440375
20902,-0.10033028
20903,-0.10215069
20904,-0.08319134
20905,-0.05148359
20906,-0.02250364
20907,-0.00463501
20908,0.00539664
20909,0.01652499
20910,0.03476193
20911,0.05704076
20912,0.07476084
20913,0.08194181
20914,0.08119193
20915,0.08041599
20916,0.0824068
20917,0.08152328
20918,0.07058732
20919,0.05029046
20920,0.02801995
20921,0.00772684
20922,-0.01293476
20923,-0.03667925
20924,-0.06078614
20925,-0.07738194
20926,-0.08105765
20927,-0.07607353
20928,-0.07396521
20929,-0.08157166
20930,-0.09243785
20931,-0.09190781
20932,-0.07057005
20933,-0.03324777
20934,0.00522983
20935,0.03137182
20936,0.04204893
20937,0.04558748
20938,0.05224181
20939,0.0654145
20940,0.08146404
20941,0.09373756
20942,0.09655688
20943,0.08856419
20944,0.07337106
20945,0.05510282
20946,0.03503623
20947,0.01321804
20948,-0.0074046
20949,-0.02352458
20950,-0.03714241
20951,-0.0522135
20952,-0.06841663
20953,-0.08161572
20954,-0.08876897
20955,-0.0904097
20956,-0.08895805
20957,-0.08458642
20958,-0.07441695
20959,-0.05425622
20960,-0.02288445
20961,0.01234448
20962,0.03865847
20963,0.04908632
20964,0.04899199
20965,0.05100477
20966,0.06442075
20967,0.08582079
20968,0.10189353
20969,0.10255151
20970,0.08795592
20971,0.06555025
20972,0.04227674
20973,0.02094509
20974,0.00272309
20975,-0.01269633
20976,-0.02832987
20977,-0.04595103
20978,-0.06276806
20979,-0.07458241
20980,-0.0806631
20981,-0.0846595
20982,-0.08873013
20983,-0.08841518
20984,-0.07736562
20985,-0.05480668
20986,-0.02840362
20987,-0.00819978
20988,0.0034938
20989,0.01400569
20990,0.03168953
20991,0.05515316
20992,0.07534998
20993,0.0866024
20994,0.09052973
20995,0.09102354
20996,0.08940405
20997,0.08426756
20998,0.07294098
20999,0.0532907
