19001,0.05286703
19002,0.0532479
19003,0.05607773
19004,0.05899413
19005,0.05867557
19006,0.0523997
19007,0.03889319
19008,0.02014273
19009,0.00029878
19010,-0.01801629
19011,-0.03428462
19012,-0.04602325
19013,-0.04841429
19014,-0.04077769
19015,-0.03232086
19016,-0.03697821
19017,-0.05845489
19018,-0.08274661
19019,-0.0885549
19020,-0.06580265
19021,-0.02371309
19022,0.01708565
19023,0.03929861
19024,0.03925741
19025,0.02814101
19026,0.02276846
19027,0.03234963
19028,0.05189819
19029,0.06808054
19030,0.07235743
19031,0.06591471
19032,0.05432259
19033,0.04104577
19034,0.02731535
19035,0.01453525
19036,0.00320583
19037,-0.00779844
19038,-0.02091772
19039,-0.03724832
19040,-0.05399655
19041,-0.06728305
19042,-0.07425087
19043,-0.07288622
19044,-0.06339515
19045,-0.0483693
19046,-0.03331315
19047,-0.02430058
19048,-0.02155941
19049,-0.0183532
19050,-0.00649657
19051,0.01546076
19052,0.04067306
19053,0.06016822
19054,0.06892235
19055,0.06851499
19056,0.06443115
19057,0.06067947
19058,0.05686895
19059,0.04998453
19060,0.03818589
19061,0.02335757
19062,0.00908043
19063,-0.00377883
19064,-0.01729485
19065,-0.03310892
19066,-0.04906935
19067,-0.06032638
19068,-0.06505091
19069,-0.06530584
19070,-0.06220884
19071,-0.05519017
19072,-0.04496464
19073,-0.03530735
19074,-0.02973379
19075,-0.02536942
19076,-0.01491018
19077,0.00517975
19078,0.03045672
19079,0.05256231
19080,0.06614014
19081,0.07016771
19082,0.06652457
19083,0.05919635
19084,0.05175842
19085,0.04568318
19086,0.04020025
19087,0.03373347
19088,0.02586632
19089,0.01551438
19090,0.00088111
19091,-0.01823834
19092,-0.03897454
19093,-0.05660534
19094,-0.06881549
19095,-0.07452021
19096,-0.07184741
19097,-0.06113875
19098,-0.04727005
19099,-0.03720912
19100,-0.03320861
19101,-0.02996868
19102,-0.02043018
19103,-0.00319381
19104,0.01711894
19105,0.03548411
19106,0.04989345
19107,0.06095809
19108,0.06926686
19109,0.07312053
19110,0.06993248
19111,0.0592002
19112,0.04446685
19113,0.03131944
19114,0.0220877
19115,0.0139263
19116,0.00202538
19117,-0.01549082
19118,-0.03466011
19119,-0.04837905
19120,-0.05260676
19121,-0.05084117
19122,-0.05094643
19123,-0.0562311
19124,-0.06228638
19125,-0.06143595
19126,-0.04968534
19127,-0.03000164
19128,-0.00939417
19129,0.0066557
19130,0.01655681
19131,0.02149719
19132,0.02495864
19133,0.03147481
19134,0.04388189
19135,0.05966924
19136,0.07187003
19137,0.07471265
19138,0.06654199
19139,0.04988406
19140,0.0295091
19141,0.01052888
19142,-0.0030938
19143,-0.01119422
19144,-0.0168241
19145,-0.02290467
19146,-0.03098687
19147,-0.04313371
19148,-0.06049306
19149,-0.0781713
19150,-0.08542791
19151,-0.07426325
19152,-0.04916851
19153,-0.02417381
19154,-0.00887685
19155,-0.00104997
19156,0.00674205
19157,0.01820014
19158,0.03147908
19159,0.04338511
19160,0.0525885
19161,0.05866216
19162,0.062133
19163,0.0636415
19164,0.06191688
19165,0.05367942
19166,0.03684173
19167,0.01506003
19168,-0.00347073
19169,-0.01392864
19170,-0.01898619
19171,-0.02387879
19172,-0.03208401
19173,-0.04348177
19174,-0.05461752
19175,-0.06177864
19176,-0.06293194
19177,-0.05852912
19178,-0.05016039
19179,-0.03945145
19180,-0.02690093
19181,-0.01212907
19182,0.00286515
19183,0.01481908
19184,0.02410795
19185,0.03491923
19186,0.04896909
19187,0.06214581
19188,0.06806795
19189,0.06428184
19190,0.05454527
19191,0.04395165
19192,0.03441668
19193,0.02550347
19194,0.01641297
19195,0.00630122
19196,-0.00543376
19197,-0.01909039
19198,-0.03383533
19199,-0.04757123
19200,-0.05819993
19201,-0.06342527
19202,-0.06143396
19203,-0.05334335
19204,-0.04406264
19205,-0.03831547
19206,-0.03682194
19207,-0.03522999
19208,-0.02572319
19209,-0.00386046
19210,0.02549465
19211,0.05053954
19212,0.06266938
19213,0.06329053
19214,0.0597377
19215,0.05677612
19216,0.05449536
19217,0.05174147
19218,0.04802574
19219,0.04230452
19220,0.03155295
19221,0.01344985
19222,-0.01015797
19223,-0.03248208
19224,-0.04636262
19225,-0.04998219
19226,-0.0468698
19227,-0.04386323
19228,-0.04712699
19229,-0.0565945
19230,-0.06535733
19231,-0.06540065
19232,-0.05372248
19233,-0.03346599
19234,-0.00954888
19235,0.01403344
19236,0.03266568
19237,0.04267171
19238,0.04497878
19239,0.0449052
19240,0.04736228
19241,0.05279084
19242,0.05843126
19243,0.06175689
19244,0.06060386
19245,0.05191566
19246,0.03454906
19247,0.01230285
19248,-0.0078472
19249,-0.02228274
19250,-0.03283316
19251,-0.04141759
19252,-0.04771293
19253,-0.05167228
19254,-0.05566674
19255,-0.06158148
19256,-0.06751581
19257,-0.06808634
19258,-0.05876969
19259,-0.03927678
19260,-0.01237846
19261,0.015364
19262,0.03527646
19263,0.04255265
19264,0.04045649
19265,0.03828901
19266,0.04343678
19267,0.05549434
19268,0.06785928
19269,0.07293277
19270,0.0662423
19271,0.04848178
19272,0.02560731
19273,0.00533041
19274,-0.00908784
19275,-0.01917426
19276,-0.02685339
19277,-0.0326435
19278,-0.03715109
19279,-0.04283527
19280,-0.05206529
19281,-0.06279887
19282,-0.06870072
19283,-0.0657154
19284,-0.05627986
19285,-0.0448523
19286,-0.03111409
19287,-0.01163581
19288,0.01248327
19289,0.03421114
19290,0.04760879
19291,0.05278964
19292,0.05398292
19293,0.05584494
19294,0.06001144
19295,0.06439772
19296,0.06517789
19297,0.05871159
19298,0.04496232
19299,0.02807793
19300,0.01207427
19301,-0.00259879
19302,-0.01859583
19303,-0.03691353
19304,-0.05428177
19305,-0.06597781
19306,-0.06979865
19307,-0.06790837
19308,-0.0642769
19309,-0.06037761
19310,-0.05418439
19311,-0.04305208
19312,-0.02705888
19313,-0.01016183
19314,0.00226479
19315,0.0089905
19316,0.01631776
19317,0.0333607
19318,0.06023932
19319,0.08405797
19320,0.08992864
19321,0.07552327
19322,0.05396675
19323,0.03937295
19324,0.0335284
19325,0.02921554
19326,0.02083547
19327,0.00846598
19328,-0.00549541
19329,-0.01902473
19330,-0.03143413
19331,-0.04386866
19332,-0.05781515
19333,-0.07185269
19334,-0.07907558
19335,-0.07253536
19336,-0.05573893
19337,-0.04136823
19338,-0.03689901
19339,-0.03535178
19340,-0.02410979
19341,-0.00085624
19342,0.02432587
19343,0.04232383
19344,0.05289862
19345,0.05874737
19346,0.06132806
19347,0.06334575
19348,0.06743307
19349,0.07056796
19350,0.06539195
19351,0.04966231
19352,0.02989805
19353,0.01260646
19354,-0.00275199
19355,-0.01959611
19356,-0.03642907
19357,-0.04876827
19358,-0.05607891
19359,-0.06104805
19360,-0.06439038
19361,-0.06391901
19362,-0.06031127
19363,-0.0576479
19364,-0.05603364
19365,-0.0481585
19366,-0.0278308
19367,-3.2602045e-05
19368,0.02399565
19369,0.03779058
19370,0.04257155
19371,0.04410454
19372,0.04841632
19373,0.05842797
19374,0.07166406
19375,0.08000986
19376,0.07627113
19377,0.06119293
19378,0.0411611
19379,0.02139643
19380,0.00196453
19381,-0.01796153
19382,-0.03505694
19383,-0.04579681
19384,-0.05041001
19385,-0.05256335
19386,-0.05628484
19387,-0.06314519
19388,-0.07114742
19389,-0.07440823
19390,-0.06742686
19391,-0.04930227
19392,-0.02492978
19393,-0.00188662
19394,0.01627314
19395,0.0304915
19396,0.0420262
19397,0.05020542
19398,0.05425028
19399,0.05621945
19400,0.05921615
19401,0.06487524
19402,0.07121097
19403,0.07159568
19404,0.05879812
19405,0.03191683
19406,0.00041429
19407,-0.02163231
19408,-0.02805892
19409,-0.02650022
19410,-0.03020915
19411,-0.04443921
19412,-0.0625091
19413,-0.07556412
19414,-0.08165161
19415,-0.08355694
19416,-0.07995903
19417,-0.06473124
19418,-0.03657007
19419,-0.00305595
19420,0.02462176
19421,0.03981185
19422,0.04365385
19423,0.04348847
19424,0.04755827
19425,0.05800798
19426,0.06981418
19427,0.07519853
19428,0.07073237
19429,0.06029251
19430,0.0487644
19431,0.03635665
19432,0.02069649
19433,0.00122911
19434,-0.01896696
19435,-0.03555563
19436,-0.0468068
19437,-0.05390864
19438,-0.05879971
19439,-0.06372628
19440,-0.0708432
19441,-0.07802205
19442,-0.07809743
19443,-0.06529807
19444,-0.04220593
19445,-0.01800839
19446,0.00054246
19447,0.01316601
19448,0.0243568
19449,0.03765174
19450,0.05252936
19451,0.06710844
19452,0.07873904
19453,0.08439411
19454,0.0822878
19455,0.0727623
19456,0.05846496
19457,0.04243464
19458,0.02622188
19459,0.00977252
19460,-0.007468
19461,-0.02436893
19462,-0.0397571
19463,-0.05399695
19464,-0.06783612
19465,-0.08147269
19466,-0.09105527
19467,-0.09026924
19468,-0.07656962
19469,-0.05413649
19470,-0.03259399
19471,-0.02050026
19472,-0.01649077
19473,-0.01021913
19474,0.00659813
19475,0.03359783
19476,0.0628893
19477,0.08453593
19478,0.09185422
19479,0.08556028
19480,0.07301705
19481,0.06139836
19482,0.05342757
19483,0.04844316
19484,0.04366704
19485,0.03437707
19486,0.01574247
19487,-0.01356406
19488,-0.04743034
19489,-0.07462195
19490,-0.08563116
19491,-0.0794176
19492,-0.06616995
19493,-0.05877338
19494,-0.06205242
19495,-0.06967048
19496,-0.06981838
19497,-0.05587774
19498,-0.03096529
19499,-0.0042914
19500,0.01626774
19501,0.03010975
19502,0.04334679
19503,0.06174497
19504,0.08291679
19505,0.09727448
19506,0.09719548
19507,0.08364911
19508,0.06419198
19509,0.04662968
19510,0.0337662
19511,0.02365534
19512,0.0126042
19513,-0.00215225
19514,-0.01997011
19515,-0.03866806
19516,-0.05681828
19517,-0.07344848
19518,-0.08665448
19519,-0.09250302
19520,-0.08746421
19521,-0.07332778
19522,-0.05694113
19523,-0.04402892
19524,-0.03414757
19525,-0.02125973
19526,-0.00094875
19527,0.02418553
19528,0.04699609
19529,0.06194727
19530,0.06966867
19531,0.07475416
19532,0.0801063
19533,0.08493131
19534,0.08589377
19535,0.07918678
19536,0.06270594
19537,0.03805386
19538,0.01091659
19539,-0.01204512
19540,-0.02728145
19541,-0.03642545
19542,-0.04466801
19543,-0.0563559
19544,-0.07297019
19545,-0.09107082
19546,-0.10231277
19547,-0.09841541
19548,-0.07797156
19549,-0.05001466
19550,-0.02611689
19551,-0.01050569
19552,0.00129563
19553,0.0149042
19554,0.03038097
19555,0.0452304
19556,0.05870214
19557,0.07161212
19558,0.08330731
19559,0.09067626
19560,0.09049388
19561,0.08164117
19562,0.06493476
19563,0.04279604
19564,0.02008448
19565,0.0018565
19566,-0.01083147
19567,-0.02179744
19568,-0.03597511
19569,-0.05435548
19570,-0.07385218
19571,-0.08992436
19572,-0.09734317
19573,-0.09216196
19574,-0.07639427
19575,-0.05866266
19576,-0.0457844
19577,-0.03621552
19578,-0.02300761
19579,-0.00272381
19580,0.02101179
19581,0.04288073
19582,0.06052315
19583,0.07523166
19584,0.08768994
19585,0.09523577
19586,0.09466752
19587,0.08469598
19588,0.0673773
19589,0.04826444
19590,0.0326679
19591,0.0211218
19592,0.0083483
19593,-0.01203278
19594,-0.03956688
19595,-0.06523529
19596,-0.07926767
19597,-0.08078933
19598,-0.07836783
19599,-0.07939273
19600,-0.08184456
19601,-0.07921592
19602,-0.06866072
19603,-0.05181139
19604,-0.0315382
19605,-0.00936556
19606,0.01467143
19607,0.04045094
19608,0.06505235
19609,0.08266025
19610,0.08844932
19611,0.08370565
19612,0.076038
19613,0.07137668
19614,0.07010374
19615,0.06824201
19616,0.06043642
19617,0.04343016
19618,0.01613107
19619,-0.01775867
19620,-0.04912801
19621,-0.06783815
19622,-0.07031301
19623,-0.06538212
19624,-0.06603283
19625,-0.07571778
19626,-0.08619097
19627,-0.08873083
19628,-0.08112364
19629,-0.06326988
19630,-0.03570209
19631,-0.0026462
19632,0.02753472
19633,0.04778883
19634,0.05769668
19635,0.06095768
19636,0.06101771
19637,0.06167724
19638,0.06681905
19639,0.07597999
19640,0.08244634
19641,0.0779478
19642,0.06045169
19643,0.03738352
19644,0.01825672
19645,0.00416309
19646,-0.01157033
19647,-0.0340671
19648,-0.06065523
19649,-0.08336095
19650,-0.09485813
19651,-0.09214882
19652,-0.07991805
19653,-0.06796838
19654,-0.06170599
19655,-0.05634827
19656,-0.04339628
19657,-0.02353964
19658,-0.00593242
19659,0.00587099
19660,0.01923683
19661,0.04238617
19662,0.07268744
19663,0.09779436
19664,0.10764226
19665,0.10235817
19666,0.08775494
19667,0.06786522
19668,0.04652023
19669,0.02911875
19670,0.01883217
19671,0.01229679
19672,0.00173725
19673,-0.01671026
19674,-0.04209436
19675,-0.07110532
19676,-0.09563062
19677,-0.10392908
19678,-0.09195159
19679,-0.07199052
19680,-0.06187163
19681,-0.06432068
19682,-0.06404363
19683,-0.0470315
19684,-0.01624415
19685,0.01337385
19686,0.03218499
19687,0.04394639
19688,0.05736354
19689,0.07533508
19690,0.09237709
19691,0.10046899
19692,0.09609267
19693,0.08212601
19694,0.06565975
19695,0.05200182
19696,0.03967836
19697,0.02270271
19698,-0.00065372
19699,-0.02410882
19700,-0.04245459
19701,-0.05801487
19702,-0.07463704
19703,-0.0885502
19704,-0.09164091
19705,-0.08389759
19706,-0.07456188
19707,-0.07076348
19708,-0.0690642
19709,-0.05984251
19710,-0.03818894
19711,-0.00920846
19712,0.01810658
19713,0.03938577
19714,0.05522129
19715,0.0667502
19716,0.07456772
19717,0.08088306
19718,0.08738968
19719,0.09087978
19720,0.08601867
19721,0.07265715
19722,0.05540528
19723,0.03836339
19724,0.02146947
19725,0.00167964
19726,-0.02252337
19727,-0.04908349
19728,-0.07214325
19729,-0.08520742
19730,-0.08560523
19731,-0.07846027
19732,-0.07440846
19733,-0.07845336
19734,-0.08329987
19735,-0.07646478
19736,-0.05399695
19737,-0.02562081
19738,-0.00268002
19739,0.01487112
19740,0.03274174
19741,0.05176073
19742,0.06894422
19743,0.08304455
19744,0.09359846
19745,0.09770619
19746,0.09290229
19747,0.08185051
19748,0.06925265
19749,0.05515651
19750,0.03600297
19751,0.01181887
19752,-0.01138719
19753,-0.02936981
19754,-0.04577693
19755,-0.06673481
19756,-0.08926065
19757,-0.10114153
19758,-0.09642725
19759,-0.08324274
19760,-0.07283574
19761,-0.06648065
19762,-0.05904453
19763,-0.04718708
19764,-0.02888565
19765,-0.00280909
19766,0.02878652
19767,0.0572391
19768,0.07367055
19769,0.07782798
19770,0.07739015
19771,0.07938918
19772,0.0837105
19773,0.0860926
19774,0.0830633
19775,0.07162275
19776,0.04922725
19777,0.01798821
19778,-0.01294989
19779,-0.03233911
19780,-0.03937037
19781,-0.04482482
19782,-0.05588029
19783,-0.06907205
19784,-0.07875118
19785,-0.08576313
19786,-0.09150418
19787,-0.0901804
19788,-0.07569653
19789,-0.05174585
19790,-0.02870469
19791,-0.01072827
19792,0.00771724
19793,0.03091809
19794,0.05381066
19795,0.06812311
19796,0.07329059
19797,0.07596722
19798,0.08033463
19799,0.08422814
19800,0.084024
19801,0.07862919
19802,0.06619799
19803,0.04313015
19804,0.01211648
19805,-0.01505565
19806,-0.02877075
19807,-0.03353316
19808,-0.04309509
19809,-0.06331865
19810,-0.0854258
19811,-0.09654142
19812,-0.09331816
19813,-0.08362829
19814,-0.07659433
19815,-0.07122198
19816,-0.05781631
19817,-0.03106774
19818,0.00270723
19819,0.03153297
19820,0.04925272
19821,0.05906763
19822,0.06800772
19823,0.07928123
19824,0.08891156
19825,0.09005692
19826,0.08205635
19827,0.07269699
19828,0.06816933
19829,0.0635826
19830,0.04654225
19831,0.01157079
19832,-0.03190792
19833,-0.06662551
19834,-0.08070062
19835,-0.07603531
19836,-0.06570329
19837,-0.06262536
19838,-0.07030573
19839,-0.08296489
19840,-0.08997972
19841,-0.08263473
19842,-0.06076511
19843,-0.03205326
19844,-0.00476056
19845,0.01872042
19846,0.04026495
19847,0.0595203
19848,0.07284058
19849,0.07866798
19850,0.08022249
19851,0.08143839
19852,0.08288814
19853,0.08188954
19854,0.07502396
19855,0.0599992
19856,0.0367997
19857,0.00875906
19858,-0.01760982
19859,-0.03624723
19860,-0.04725138
19861,-0.05629291
19862,-0.06815407
19863,-0.08123833
19864,-0.09033541
19865,-0.09327667
19866,-0.09079854
19867,-0.08193151
19868,-0.06528372
19869,-0.04291118
19870,-0.01767458
19871,0.00867298
19872,0.03475814
19873,0.05694973
19874,0.07127307
19875,0.07814881
19876,0.08124515
19877,0.08372594
19878,0.08490209
19879,0.0823233
19880,0.07527363
19881,0.06516445
19882,0.05187635
19883,0.03158987
19884,0.00293956
19885,-0.02737424
19886,-0.04984753
19887,-0.06234115
19888,-0.07007349
19889,-0.07784924
19890,-0.08673804
19891,-0.09461637
19892,-0.09668756
19893,-0.0891893
19894,-0.07311112
19895,-0.05275498
19896,-0.03043341
19897,-0.00537147
19898,0.02105207
19899,0.04518095
19900,0.0641159
19901,0.07789654
19902,0.08894067
19903,0.09737711
19904,0.09971011
19905,0.0920612
19906,0.07619916
19907,0.05953295
19908,0.04670524
19909,0.03503345
19910,0.01973465
19911,-0.00075194
19912,-0.02544967
19913,-0.05302061
19914,-0.08073507
19915,-0.10174666
19916,-0.10913432
19917,-0.10048398
19918,-0.08021885
19919,-0.05984541
19920,-0.05079234
19921,-0.0546261
19922,-0.05959127
19923,-0.0497773
19924,-0.01870679
19925,0.02587385
19926,0.06837031
19927,0.09648098
19928,0.1057683
19929,0.09991502
19930,0.08852069
19931,0.07936312
19932,0.07451575
19933,0.06960649
19934,0.05911632
19935,0.04397383
19936,0.02824825
19937,0.01180412
19938,-0.01018451
19939,-0.03941659
19940,-0.06866211
19941,-0.08790894
19942,-0.09476656
19943,-0.09426403
19944,-0.0909734
19945,-0.08433837
19946,-0.07276364
19947,-0.05837674
19948,-0.0444693
19949,-0.03174688
19950,-0.01769205
19951,0.00021253
19952,0.02291624
19953,0.04872688
19954,0.0726092
19955,0.08925048
19956,0.09630637
19957,0.09592088
19958,0.09207711
19959,0.08653186
19960,0.07784524
19961,0.06395783
19962,0.0447602
19963,0.02162626
19964,-0.00461969
19965,-0.03322275
19966,-0.05972044
19967,-0.07688969
19968,-0.08280733
19969,-0.08392083
19970,-0.08614193
19971,-0.08871815
19972,-0.08737121
19973,-0.07899279
19974,-0.06474283
19975,-0.0466315
19976,-0.02493058
19977,-0.00028823
19978,0.02524097
19979,0.04809338
19980,0.06533038
19981,0.07615596
19982,0.08177189
19983,0.08419138
19984,0.08510191
19985,0.08491302
19986,0.0812109
19987,0.07163424
19988,0.05637942
19989,0.03612278
19990,0.01123776
19991,-0.0164868
19992,-0.04184463
19993,-0.05916152
19994,-0.06920773
19995,-0.07781814
19996,-0.08865097
19997,-0.09874663
19998,-0.10029308
19999,-0.08900654
20000,-0.06801786
