        21        78
      5000     42.75     1.E04     1.E15
    20000.      0.50     0.001        75
    171900    171900     10800    171900
YESYES NOYES  162000.
  0  0  0  0  0  0  0  0  0  0  0  0  0  0 10  3  3 10  0  0  0
  0  0  0  0  0  0  0  0  0  0  0  0  0 10  9  1  1  8 10  0  0
  0  0  0  0  0  0  0  0  0  0  0  0 10  9  1  1  1  1  4  0  0
  0  0  0  0  0  0  0  0  0  0  0 10  9  1  1  1  1  1  4  0  0
  0  0  0  0  0  0  0  0 10  3  3  9  1  1  1  1  1  1  8 10  0
  0  0  0  0  0  0  0  0  5  1  1  1  1  1  1  1  1  1  1  4  0
  0  0  0  0  0  0  0  0 10  6  1  1  1  1  1  1  1  1  1  4  0
  0  0  0  0  0  0  0 10  3  9  1  1  1  1  1  1  1  1  1  4  0
  0  0  0  0  0 10  3  9  1  1  7  6  1  1  1  1  1  1  7 10  0
  0  0  0 10  3  9  1  7  2  6  8  9  1  1  1  1  1  7 10  0  0
  0  0 10  9  1  1  1  8  3  9  1  1  1  1  1  1  1  4  0  0  0
  0  0  5  1  1  1  1  1  1  1  7  2  6  1  1  1  1  4  0  0  0
  0  0  5  1  1  1  1  1  1  1  8  3  9  1  1  1  1  4  0  0  0
  0  0  5  1  1  1  1  1  1  1  1  1  1  1  1  1  7 10  0  0  0
  0  0  5  1  1  1  1  1  1  1  1  1  1  1  1  1  4  0  0  0  0
  0  0  5  1  1  1  1  1  1  1  1  1  1  7  2  2 10  0  0  0  0
  0  0  5  1  1  1  1  1  1  1  1  1  1  8  3 10  0  0  0  0  0
  0  0  5  1  1  1  1  1  1  1  1  1  1  1  1  8 10  0  0  0  0
  0  0  5  1  1  1  1  1  1  1  1  1  1  1  1  1  4  0  0  0  0
  0 10  9  1  1  1  1  1  1  1  1  1  1  1  1  1  8 10  0  0  0
 10  9  1  1  1  1  1  1  1  1  1  1  1  1  1  1  1  4  0  0  0
  5  1  1  1  1  1  1  1  1  1  1  1  1  1  1  1  1  4  0  0  0
  5  1  1  1  1  1  1  1  1  1  1  1  1  1  1  1  1  4  0  0  0
  5  1  1  1  1  1  1  1  1  1  1  1  1  1  1  1  1  4  0  0  0
  5  1  1  1  1  1  1  1  1  1  1  1  1  1  1  1  1  4  0  0  0
  5  1  1  1  1  1  1  1  1  1  1  1  1  1  1  1  1  4  0  0  0
 10  6  1  1  1  1  1  1  1  1  1  1  1  1  1  1  7 10  0  0  0
  0  5  1  1  1  1  1  1  1  1  1  1  1  1  1  1  4  0  0  0  0
  0  5  1  1  1  1  1  1  1  1  1  1  1  1  1  1  8  3 10  0  0
  0 10  6  1  1  1  1  1  1  1  1  1  1  1  1  1  1  1  4  0  0
  0  0  5  1  1  1  1  1  1  1  1  1  1  1  1  1  1  1  4  0  0
  0  0  5  1  1  1  1  1  1  1  1  1  1  1  1  1  1  1  8 10  0
  0  0  5  1  1  1  1  1  1  1  1  1  1  1  1  1  1  1  1  4  0
  0  0  5  1  1  1  1  1  1  1  1  1  1  1  1  1  1  1  1  4  0
  0  0  5  1  1  1  1  1  1  1  1  1  1  1  1  1  1  1  1  8 10
  0  0  5  1  1  1  1  1  1  1  1  1  1  1  1  1  1  1  1  1  4
  0  0  5  1  1  1  1  1  1  1  1  1  1  1  1  1  1  1  1  1  4
  0  0  5  1  1  1  1  1  1  1  1  1  1  1  1  1  1  1  1  1  4
  0  0  5  1  1  1  1  1  1  1  1  1  1  1  1  1  1  1  1  1  4
  0  0  5  1  1  1  1  1  1  1  1  1  1  1  1  1  1  1  1  1  4
  0  0  5  1  1  1  1  1  1  1  1  1  1  1  1  1  1  1  1  1  4
  0  0  5  1  1  1  1  1  1  1  1  1  1  1  1  1  1  1  1  1  4
  0  0  5  1  1  1  1  1  1  1  1  1  1  1  1  1  1  1  1  7 10
  0  0  5  1  1  1  1  1  1  1  1  1  1  1  1  1  1  1  7 10  0
  0  0  5  1  1  1  1  1  1  1  1  1  1  1  1  1  1  1  4  0  0
  0  0  5  1  1  1  1  1  1  1  1  1  1  1  1  1  1  7 10  0  0
  0  0  5  1  1  1  1  1  1  1  1  1  1  1  1  1  1  4  0  0  0
  0  0  5  1  1  1  1  1  1  1  1  1  1  1  1  1  7 10  0  0  0
  0  0  5  1  1  1  1  1  1  1  1  1  1  1  1  7 10  0  0  0  0
  0  0  5  1  1  1  1  1  1  1  1  1  1  1  7 10  0  0  0  0  0
  0  0  5  1  1  1  1  1  1  1  1  1  1  1  4  0  0  0  0  0  0
  0  0 10  6  1  1  1  1  1  1  1  1  1  7 10  0  0  0  0  0  0
  0  0  0  5  1  1  1  1  1  1  1  1  1  4  0  0  0  0  0  0  0
  0  0  0  5  1  1  1  1  1  1  1  1  7 10  0  0  0  0  0  0  0
  0  0  0  5  1  1  1  1  1  1  1  7 10 10  3  3 10  0  0  0  0
  0  0  0  5  1  1  1  1  1  1  1  4 10  9  1  1  4  0  0  0  0
  0  0  0  5  1  1  1  1  1  1  1  4  5  1  1  1  4  0  0  0  0
  0  0  0  5  1  1  1  1  1  1  1  8  9  1  1  1  4  0  0  0  0
  0  0  0  5  1  1  1  1  1  1  1  1  1  1  1  1  4  0  0  0  0
  0  0  0 10  6  1  1  1  1  1  1  1  1  1  1  1  4  0  0  0  0
  0  0  0  0  5  1  1  1  1  1  1  1  1  1  1  7 10  0  0  0  0
  0  0  0  0  5  1  1  1  1  1  1  1  1  1  1  4  0  0  0  0  0
  0  0  0  0  5  1  1  1  1  1  1  1  1  1  1  4  0  0  0  0  0
  0  0  0  0  5  1  1  1  1  1  1  1  1  1  1  4  0  0  0  0  0
  0  0  0  0 10  6  1  1  1  1  1  1  1  1  1  4  0  0  0  0  0
  0  0  0  0  0  5  1  1  1  1  1  1  1  1  7 10  0  0  0  0  0
  0  0  0  0  0 10  6  1  1  1  1  1  1  1  4  0  0  0  0  0  0
  0  0  0  0  0  0  5  1  1  1  1  1  1  1  4  0  0  0  0  0  0
  0  0  0  0  0  0  5  1  1  1  1  1  1  7 10  0  0  0  0  0  0
  0  0  0  0  0  0  5  1  1  1  1  1  1  4  0  0  0  0  0  0  0
  0  0  0  0  0  0  5  1  1  1  1  1  1  4  0  0  0  0  0  0  0
  0  0  0  0  0  0 10  6  1  1  1  1  1  4  0  0  0  0  0  0  0
  0  0  0  0  0  0  0 10  6  1  1  1  7 10  0  0  0  0  0  0  0
  0  0  0  0  0  0  0  0  5  1  1  7 10  0  0  0  0  0  0  0  0
  0  0  0  0  0  0  0  0  5  1  1  4  0  0  0  0  0  0  0  0  0
  0  0  0  0  0  0  0  0  5  1  1  4  0  0  0  0  0  0  0  0  0
  0  0  0  0  0  0  0  0 10  6  1  4  0  0  0  0  0  0  0  0  0
  0  0  0  0  0  0  0  0  0 10  2 10  0  0  0  0  0  0  0  0  0
   0   0   0   0   0   0   0   0   0   0   0   0   0   0 111 122 133   0   0   0
   0   0   0   0   0   0   0   0   0   0   0   0   0 111 229 229 229 133   0   0
   0   0   0   0   0   0   0   0   0   0   0   0 111 229 229 229 229 235   0   0
   0   0   0   0   0   0   0   0   0   0   0 111 229 229 229 229 229 235   0   0
   0   0   0   0   0   0   0   0 111 122 122 229 229 229 229 229 229 229 133   0
   0   0   0   0   0   0   0   0 316 229 229 229 229 229 229 229 229 229 235   0
   0   0   0   0   0   0   0   0   0 214 229 229 229 229 229 229 229 229 235   0
   0   0   0   0   0   0   0 111 122 229 327 229 229 229 229 229 229 229 338   0
   0   0   0   0   0 111 122 327 327 235   0 214 229 229 229 229 229 338   0   0
   0   0   0 111 122 229 235   0   0 214 122 229 229 229 229 229 235   0   0   0
   0   0 111 229 229 229 229 122 122 229 327 327 229 229 229 229 235   0   0   0
   0   0 214 229 229 229 229 229 229 235   0   0 214 229 229 229 235   0   0   0
   0   0 214 229 229 229 229 229 229 229 122 122 229 229 229 229 338   0   0   0
   0   0 214 229 229 229 229 229 229 229 229 229 229 229 229 235   0   0   0   0
   0   0 214 229 229 229 229 229 229 229 229 229 229 327 327 338   0   0   0   0
   0   0 214 229 229 229 229 229 229 229 229 229 235   0   0   0   0   0   0   0
   0   0 214 229 229 229 229 229 229 229 229 229 229 122 133   0   0   0   0   0
   0   0 214 229 229 229 229 229 229 229 229 229 229 229 229 133   0   0   0   0
   0   0 214 229 229 229 229 229 229 229 229 229 229 229 229 235   0   0   0   0
   0 111 229 229 229 229 229 229 229 229 229 229 229 229 229 229 133   0   0   0
 111 229 229 229 229 229 229 229 229 229 229 229 229 229 229 229 235   0   0   0
 214 229 229 229 229 229 229 229 229 229 229 229 229 229 229 229 235   0   0   0
 214 229 229 229 229 229 229 229 229 229 229 229 229 229 229 229 235   0   0   0
 214 229 229 229 229 229 229 229 229 229 229 229 229 229 229 229 235   0   0   0
 214 229 229 229 229 229 229 229 229 229 229 229 229 229 229 229 235   0   0   0
 316 229 229 229 229 229 229 229 229 229 229 229 229 229 229 229 338   0   0   0
   0 214 229 229 229 229 229 229 229 229 229 229 229 229 229 235   0   0   0   0
   0 214 229 229 229 229 229 229 229 229 229 229 229 229 229 235   0   0   0   0
   0 316 229 229 229 229 229 229 229 229 229 229 229 229 229 229 122 133   0   0
   0   0 214 229 229 229 229 229 229 229 229 229 229 229 229 229 229 235   0   0
   0   0 214 229 229 229 229 229 229 229 229 229 229 229 229 229 229 235   0   0
   0   0 214 229 229 229 229 229 229 229 229 229 229 229 229 229 229 229 133   0
   0   0 214 229 229 229 229 229 229 229 229 229 229 229 229 229 229 229 235   0
   0   0 214 229 229 229 229 229 229 229 229 229 229 229 229 229 229 229 235   0
   0   0 214 229 229 229 229 229 229 229 229 229 229 229 229 229 229 229 229 133
   0   0 214 229 229 229 229 229 229 229 229 229 229 229 229 229 229 229 229 235
   0   0 214 229 229 229 229 229 229 229 229 229 229 229 229 229 229 229 229 235
   0   0 214 229 229 229 229 229 229 229 229 229 229 229 229 229 229 229 229 235
   0   0 214 229 229 229 229 229 229 229 229 229 229 229 229 229 229 229 229 235
   0   0 214 229 229 229 229 229 229 229 229 229 229 229 229 229 229 229 229 235
   0   0 214 229 229 229 229 229 229 229 229 229 229 229 229 229 229 229 229 235
   0   0 214 229 229 229 229 229 229 229 229 229 229 229 229 229 229 229 229 338
   0   0 214 229 229 229 229 229 229 229 229 229 229 229 229 229 229 229 338   0
   0   0 214 229 229 229 229 229 229 229 229 229 229 229 229 229 229 235   0   0
   0   0 214 229 229 229 229 229 229 229 229 229 229 229 229 229 229 338   0   0
   0   0 214 229 229 229 229 229 229 229 229 229 229 229 229 229 235   0   0   0
   0   0 214 229 229 229 229 229 229 229 229 229 229 229 229 229 338   0   0   0
   0   0 214 229 229 229 229 229 229 229 229 229 229 229 229 338   0   0   0   0
   0   0 214 229 229 229 229 229 229 229 229 229 229 229 338   0   0   0   0   0
   0   0 214 229 229 229 229 229 229 229 229 229 229 235   0   0   0   0   0   0
   0   0 316 229 229 229 229 229 229 229 229 229 229 338   0   0   0   0   0   0
   0   0   0 214 229 229 229 229 229 229 229 229 235   0   0   0   0   0   0   0
   0   0   0 214 229 229 229 229 229 229 229 229 338   0   0   0   0   0   0   0
   0   0   0 214 229 229 229 229 229 229 229 338   0   0   0   0   0   0   0   0
   0   0   0 214 229 229 229 229 229 229 235   0   0 111 122 133   0   0   0   0
   0   0   0 214 229 229 229 229 229 229 235   0 111 229 229 235   0   0   0   0
   0   0   0 214 229 229 229 229 229 229 235   0 214 229 229 235   0   0   0   0
   0   0   0 214 229 229 229 229 229 229 229 122 229 229 229 235   0   0   0   0
   0   0   0 316 229 229 229 229 229 229 229 229 229 229 229 235   0   0   0   0
   0   0   0   0 214 229 229 229 229 229 229 229 229 229 229 338   0   0   0   0
   0   0   0   0 214 229 229 229 229 229 229 229 229 229 235   0   0   0   0   0
   0   0   0   0 214 229 229 229 229 229 229 229 229 229 235   0   0   0   0   0
   0   0   0   0 214 229 229 229 229 229 229 229 229 229 235   0   0   0   0   0
   0   0   0   0 316 229 229 229 229 229 229 229 229 229 235   0   0   0   0   0
   0   0   0   0   0 214 229 229 229 229 229 229 229 229 338   0   0   0   0   0
   0   0   0   0   0 316 229 229 229 229 229 229 229 235   0   0   0   0   0   0
   0   0   0   0   0   0 214 229 229 229 229 229 229 235   0   0   0   0   0   0
   0   0   0   0   0   0 214 229 229 229 229 229 229 338   0   0   0   0   0   0
   0   0   0   0   0   0 214 229 229 229 229 229 235   0   0   0   0   0   0   0
   0   0   0   0   0   0 214 229 229 229 229 229 235   0   0   0   0   0   0   0
   0   0   0   0   0   0 316 229 229 229 229 229 235   0   0   0   0   0   0   0
   0   0   0   0   0   0   0 316 229 229 229 229 338   0   0   0   0   0   0   0
   0   0   0   0   0   0   0   0 214 229 229 338   0   0   0   0   0   0   0   0
   0   0   0   0   0   0   0   0 214 229 235   0   0   0   0   0   0   0   0   0
   0   0   0   0   0   0   0   0 214 229 235   0   0   0   0   0   0   0   0   0
   0   0   0   0   0   0   0   0 316 229 235   0   0   0   0   0   0   0   0   0
   0   0   0   0   0   0   0   0   0 316 338   0   0   0   0   0   0   0   0   0
  .0  .0  .0  .0  .0  .0  .0  .0  .0  .0  .0  .0  .0  .0 1.0 1.0 1.0  .0  .0  .0
  .0  .0  .0  .0  .0  .0  .0  .0  .0  .0  .0  .0  .0 1.0 1.0 1.0 1.0 1.0  .0  .0
  .0  .0  .0  .0  .0  .0  .0  .0  .0  .0  .0  .0 .01 .01 .01 1.0 1.0 1.0  .0  .0
  .0  .0  .0  .0  .0  .0  .0  .0  .0  .0  .0 .01 .01 .01 1.0 1.0 1.0 1.0  .0  .0
  .0  .0  .0  .0  .0  .0  .0  .0 .01 .01 .01 .01 .01 1.0 1.0 1.0 1.0 1.0 1.0  .0
  .0  .0  .0  .0  .0  .0  .0  .0 1.0 1.0 1.0 1.0 1.0 1.0 1.0 1.0 1.0 1.0 1.0  .0
  .0  .0  .0  .0  .0  .0  .0  .0  .0 1.0 1.0 1.0 1.0 1.0 1.0 1.0 1.0 1.0 1.0  .0
  .0  .0  .0  .0  .0  .0  .0 1.0 1.0 1.0 1.0 1.0 1.0 1.0 1.0 1.0 1.0 1.0 1.0  .0
  .0  .0  .0  .0  .0 0.9 0.9 1.0 1.0 1.0  .0 1.0 1.0 1.0 1.0 1.0 1.0 1.0  .0  .0
  .0  .0  .0 0.3 0.3 0.9 0.9  .0  .0 1.0 1.0 1.0 1.0 1.0 1.0 1.0 1.0  .0  .0  .0
  .0  .0 0.3 0.3 0.3 0.9 0.9 0.9 0.9 0.9 1.0 1.0 1.0 1.0 1.0 1.0 1.0  .0  .0  .0
  .0  .0 0.3 0.3 0.3 0.9 0.9 0.9 0.9 0.9  .0  .0 1.0 1.0 1.0 1.0 1.0  .0  .0  .0
  .0  .0 0.3 0.9 0.9 0.9 0.9 0.9 0.9 0.9 0.9 0.9 0.9 1.0 1.0 1.0 1.0  .0  .0  .0
  .0  .0 0.3 0.9 0.9 0.9 0.9 0.9 0.9 0.9 0.9 0.9 0.9 1.0 1.0 1.0  .0  .0  .0  .0
  .0  .0 0.9 0.9 0.9 0.9 0.9 0.9 0.9 0.9 0.9 0.9 0.9 1.0 1.0 1.0  .0  .0  .0  .0
  .0  .0 0.9 0.9 0.9 0.9 0.9 0.9 0.9 0.9 0.9 0.9 0.9  .0  .0  .0  .0  .0  .0  .0
  .0  .0 0.9 0.9 0.9 0.9 0.9 0.9 0.9 0.9 0.9 0.9 0.9 1.0 1.0  .0  .0  .0  .0  .0
  .0  .0 0.9 0.9 0.9 0.9 0.9 0.9 0.9 0.9 0.9 0.9 0.9 1.0 1.0 1.0  .0  .0  .0  .0
  .0  .0 0.9 0.9 0.9 0.9 0.9 0.9 0.9 0.9 0.9 0.9 0.9 1.0 1.0 1.0  .0  .0  .0  .0
  .0 .01 0.9 0.9 0.9 0.9 0.9 0.9 0.9 0.9 0.9 0.9 0.9 1.0 1.0 1.0 1.0  .0  .0  .0
 .01 .01 0.9 0.9 0.9 0.9 0.9 0.9 0.9 0.9 0.9 0.9 0.9 1.0 1.0 1.0 1.0  .0  .0  .0
 .01 .01 0.9 0.9 0.9 0.9 0.9 0.9 0.9 0.9 0.9 0.9 0.9 1.0 1.0 1.0 1.0  .0  .0  .0
 0.9 0.9 0.9 0.9 0.9 0.9 0.9 0.9 0.9 0.9 0.9 0.9 0.9 0.9 1.0 1.0 1.0  .0  .0  .0
 0.9 0.9 0.9 0.9 0.9 0.9 0.9 0.9 0.9 0.9 0.9 0.9 0.9 0.9 0.9 1.0 1.0  .0  .0  .0
 0.9 0.9 0.9 0.9 0.9 0.9 0.9 0.9 0.9 0.9 0.9 0.9 0.9 0.9 0.9 0.9 1.0  .0  .0  .0
 0.9 0.9 0.9 0.9 0.9 0.9 0.9 0.9 0.9 0.9 0.9 0.9 0.9 0.9 0.9 0.9 1.0  .0  .0  .0
  .0 0.9 0.9 0.9 0.9 0.9 0.9 0.9 0.9 0.9 0.9 0.9 0.9 0.9 0.9 1.0  .0  .0  .0  .0
  .0 0.9 0.9 0.9 0.9 0.9 0.9 0.9 0.9 0.9 0.9 0.9 0.9 0.9 0.9 1.0  .0  .0  .0  .0
  .0 0.9 0.9 0.9 0.9 0.9 0.9 0.9 0.9 0.9 0.9 0.9 0.9 0.9 0.9 0.9 1.0 1.0  .0  .0
  .0  .0 0.9 0.9 0.9 0.9 0.9 0.9 0.9 0.9 0.9 0.9 0.9 0.9 0.9 0.9 1.0 1.0  .0  .0
  .0  .0 0.9 0.9 0.9 0.9 0.9 0.9 0.9 0.9 0.9 0.9 0.9 0.9 0.9 0.9 1.0 1.0  .0  .0
  .0  .0 0.9 0.9 0.9 0.9 0.9 0.9 0.9 0.9 0.9 0.9 0.9 0.9 0.9 0.9 1.0 1.0 1.0  .0
  .0  .0 0.9 0.9 0.9 0.9 0.9 0.9 0.9 0.9 0.9 0.9 0.9 0.9 0.9 0.9 1.0 1.0 1.0  .0
  .0  .0 0.9 0.9 0.9 0.9 0.9 0.9 0.9 0.9 0.9 0.9 0.9 0.9 0.9 1.0 1.0 1.0 1.0  .0
  .0  .0 0.9 0.9 0.9 0.9 0.9 0.9 0.9 0.9 0.9 0.9 0.9 0.9 1.0 1.0 1.0 1.0 1.0 1.0
  .0  .0 0.9 0.9 0.9 0.9 0.9 0.9 0.9 0.9 0.9 0.9 0.9 0.9 0.9 1.0 1.0 1.0 1.0 1.0
  .0  .0 0.9 0.9 0.9 0.9 0.9 0.9 0.9 0.9 0.9 0.9 0.9 0.9 0.9 0.9 1.0 1.0 1.0 1.0
  .0  .0 0.9 0.9 0.9 0.9 0.9 0.9 0.9 0.9 0.9 0.9 0.9 0.9 0.9 0.9 0.9 1.0 1.0 1.0
  .0  .0 0.9 0.9 0.9 0.9 0.9 0.9 0.9 0.9 0.9 0.9 0.9 0.9 0.9 0.9 0.9 1.0 1.0 1.0
  .0  .0 0.9 0.9 0.9 0.9 0.9 0.9 0.9 0.9 0.9 0.9 0.9 0.9 0.9 0.9 0.9 1.0 1.0 1.0
  .0  .0 0.9 0.9 0.9 0.9 0.9 0.9 0.9 0.9 0.9 0.9 0.9 0.9 0.9 0.9 0.9 1.0 1.0 1.0
  .0  .0 0.9 0.9 0.9 0.9 0.9 0.9 0.9 0.9 0.9 0.9 0.9 0.9 0.9 0.9 0.9 0.9 1.0 1.0
  .0  .0 0.9 0.9 0.9 0.9 0.9 0.9 0.9 0.9 0.9 0.9 0.9 0.9 0.9 0.9 0.9 0.9 1.0  .0
  .0  .0 0.9 0.9 0.9 0.9 0.9 0.9 0.9 0.9 0.9 0.9 0.9 0.9 0.9 0.9 0.9 0.9  .0  .0
  .0  .0 0.9 0.9 0.9 0.9 0.9 0.9 0.9 0.9 0.9 0.9 0.9 0.9 0.9 0.9 0.9 0.9  .0  .0
  .0  .0 0.9 0.9 0.9 0.9 0.9 0.9 0.9 0.9 0.9 0.9 0.9 0.9 0.9 0.9 0.9  .0  .0  .0
  .0  .0 0.9 0.9 0.9 0.9 0.9 0.9 0.9 0.9 0.9 0.9 0.9 0.9 0.9 0.9 0.9  .0  .0  .0
  .0  .0 0.9 0.9 0.9 0.9 0.9 0.9 0.9 0.9 0.9 0.9 0.9 0.9 0.9 0.9  .0  .0  .0  .0
  .0  .0 0.9 0.9 0.9 0.9 0.9 0.9 0.9 0.9 0.9 0.9 0.9 0.9 0.9  .0  .0  .0  .0  .0
  .0  .0 0.9 0.9 0.9 0.9 0.9 0.9 0.9 0.9 0.9 0.9 0.9 0.9  .0  .0  .0  .0  .0  .0
  .0  .0 0.9 0.9 0.9 0.9 0.9 0.9 0.9 0.9 0.9 0.9 0.9 0.9  .0  .0  .0  .0  .0  .0
  .0  .0  .0 0.9 0.9 0.9 0.9 0.9 0.9 0.9 0.9 0.9 0.9  .0  .0  .0  .0  .0  .0  .0
  .0  .0  .0 0.9 0.9 0.9 0.9 0.9 0.9 0.9 0.9 0.9 0.9  .0  .0  .0  .0  .0  .0  .0
  .0  .0  .0 0.9 0.9 0.9 0.9 0.9 0.9 0.9 0.9 0.9  .0  .0  .0  .0  .0  .0  .0  .0
  .0  .0  .0 0.9 0.9 0.9 0.9 0.9 0.9 0.9 0.9  .0  .0 1.0 1.0 1.0  .0  .0  .0  .0
  .0  .0  .0 0.9 0.9 0.9 0.9 0.9 0.9 0.9 0.9  .0 1.0 1.0 1.0 1.0  .0  .0  .0  .0
  .0  .0  .0 0.9 0.9 0.9 0.9 0.9 0.9 0.9 0.9  .0 1.0 1.0 1.0 1.0  .0  .0  .0  .0
  .0  .0  .0 0.9 0.9 0.9 0.9 0.9 0.9 0.9 0.9 0.9 1.0 1.0 1.0 1.0  .0  .0  .0  .0
  .0  .0  .0 0.9 0.9 0.9 0.9 0.9 0.9 0.9 0.9 0.9 1.0 1.0 1.0 1.0  .0  .0  .0  .0
  .0  .0  .0  .0 0.9 0.9 .01 .01 0.9 0.9 0.9 0.9 1.0 1.0 1.0 1.0  .0  .0  .0  .0
  .0  .0  .0  .0 0.9 .01 .01 .01 0.9 0.9 .01 .01 1.0 1.0 1.0  .0  .0  .0  .0  .0
  .0  .0  .0  .0 0.9 .01 .01 .01 0.9 0.9 .01 .01 1.0 1.0 1.0  .0  .0  .0  .0  .0
  .0  .0  .0  .0 0.9 .01 .01 .01 .01 .01 .01 0.9 0.9 1.0 1.0  .0  .0  .0  .0  .0
  .0  .0  .0  .0 0.9 .01 .01 .01 .01 .01 0.9 0.9 0.9 1.0 1.0  .0  .0  .0  .0  .0
  .0  .0  .0  .0  .0 .01 .01 .01 .01 .01 0.9 0.9 0.9 1.0 1.0  .0  .0  .0  .0  .0
  .0  .0  .0  .0  .0 .01 .01 .01 .01 0.9 0.9 0.9 1.0 1.0  .0  .0  .0  .0  .0  .0
  .0  .0  .0  .0  .0  .0 .01 .01 0.9 0.9 0.9 0.9 1.0 1.0  .0  .0  .0  .0  .0  .0
  .0  .0  .0  .0  .0  .0 .01 .01 0.9 0.9 0.9 0.9 1.0 1.0  .0  .0  .0  .0  .0  .0
  .0  .0  .0  .0  .0  .0 .01 .01 0.9 0.9 1.0 1.0 1.0  .0  .0  .0  .0  .0  .0  .0
  .0  .0  .0  .0  .0  .0 .01 .01 0.9 0.9 1.0 1.0 1.0  .0  .0  .0  .0  .0  .0  .0
  .0  .0  .0  .0  .0  .0 .01 0.9 0.9 0.9 1.0 1.0 1.0  .0  .0  .0  .0  .0  .0  .0
  .0  .0  .0  .0  .0  .0  .0 0.9 0.9 1.0 1.0 1.0 1.0  .0  .0  .0  .0  .0  .0  .0
  .0  .0  .0  .0  .0  .0  .0  .0 1.0 1.0 1.0 1.0  .0  .0  .0  .0  .0  .0  .0  .0
  .0  .0  .0  .0  .0  .0  .0  .0 1.0 1.0 1.0  .0  .0  .0  .0  .0  .0  .0  .0  .0
  .0  .0  .0  .0  .0  .0  .0  .0 1.0 1.0 1.0  .0  .0  .0  .0  .0  .0  .0  .0  .0
  .0  .0  .0  .0  .0  .0  .0  .0 1.0 1.0 1.0  .0  .0  .0  .0  .0  .0  .0  .0  .0
  .0  .0  .0  .0  .0  .0  .0  .0  .0 1.0 1.0  .0  .0  .0  .0  .0  .0  .0  .0  .0
  .0  .0  .0  .0  .0  .0  .0  .0  .0  .0  .0  .0  .0  .0 .32 .32 .32  .0  .0  .0
  .0  .0  .0  .0  .0  .0  .0  .0  .0  .0  .0  .0  .0 .32 .32 .32 .32 .32  .0  .0
  .0  .0  .0  .0  .0  .0  .0  .0  .0  .0  .0  .0 0.1 0.1 0.1 .32 .32 .32  .0  .0
  .0  .0  .0  .0  .0  .0  .0  .0  .0  .0  .0 0.1 0.1 0.1 .32 .32 .32 .32  .0  .0
  .0  .0  .0  .0  .0  .0  .0  .0 0.1 0.1 0.1 0.1 0.1 .32 .32 .32 .32 .32 .32  .0
  .0  .0  .0  .0  .0  .0  .0  .0 .32 .32 .32 .32 .32 .32 .32 .32 .32 .32 .32  .0
  .0  .0  .0  .0  .0  .0  .0  .0  .0 .32 .32 .32 .32 .32 .32 .32 .32 .32 .32  .0
  .0  .0  .0  .0  .0  .0  .0 .32 .32 .32 .32 .32 .32 .32 .32 .32 .32 .32 .32  .0
  .0  .0  .0  .0  .0 0.1 0.1 .32 .32 .32  .0 .32 .32 .32 .32 .32 .32 .32  .0  .0
  .0  .0  .0 0.1 0.1 0.1 0.1  .0  .0 .32 .32 .32 .32 .32 .32 .32 .32  .0  .0  .0
  .0  .0 0.1 0.1 0.1 0.1 0.1 0.1 0.1 0.1 .32 .32 .32 .32 .32 .32 .32  .0  .0  .0
  .0  .0 0.1 0.1 0.1 0.1 0.1 0.1 0.1 0.1  .0  .0 .32 .32 .32 .32 .32  .0  .0  .0
  .0  .0 0.1 0.1 0.1 0.1 0.1 0.1 0.1 0.1 0.1 0.1 0.1 .32 .32 .32 .32  .0  .0  .0
  .0  .0 0.1 0.1 0.1 0.1 0.1 0.1 0.1 0.1 0.1 0.1 0.1 .32 .32 .32  .0  .0  .0  .0
  .0  .0 0.1 0.1 0.1 0.1 0.1 0.1 0.1 0.1 0.1 0.1 0.1 .32 .32 .32  .0  .0  .0  .0
  .0  .0 0.1 0.1 0.1 0.1 0.1 0.1 0.1 0.1 0.1 0.1 0.1  .0  .0  .0  .0  .0  .0  .0
  .0  .0 0.1 0.1 0.1 0.1 0.1 0.1 0.1 0.1 0.1 0.1 0.1 .32 .32  .0  .0  .0  .0  .0
  .0  .0 0.1 0.1 0.1 0.1 0.1 0.1 0.1 0.1 0.1 0.1 0.1 .32 .32 .32  .0  .0  .0  .0
  .0  .0 0.1 0.1 0.1 0.1 0.1 0.1 0.1 0.1 0.1 0.1 0.1 .32 .32 .32  .0  .0  .0  .0
  .0 0.1 0.1 0.1 0.1 0.1 0.1 0.1 0.1 0.1 0.1 0.1 0.1 .32 .32 .32 .32  .0  .0  .0
 0.1 0.1 0.1 0.1 0.1 0.1 0.1 0.1 0.1 0.1 0.1 0.1 0.1 .32 .32 .32 .32  .0  .0  .0
 0.1 0.1 0.1 0.1 0.1 0.1 0.1 0.1 0.1 0.1 0.1 0.1 0.1 .32 .32 .32 .32  .0  .0  .0
 0.1 0.1 0.1 0.1 0.1 0.1 0.1 0.1 0.1 0.1 0.1 0.1 0.1 0.1 .32 .32 .32  .0  .0  .0
 0.1 0.1 0.1 0.1 0.1 0.1 0.1 0.1 0.1 0.1 0.1 0.1 0.1 0.1 0.1 .32 .32  .0  .0  .0
 0.1 0.1 0.1 0.1 0.1 0.1 0.1 0.1 0.1 0.1 0.1 0.1 0.1 0.1 0.1 0.1 .32  .0  .0  .0
 0.1 0.1 0.1 0.1 0.1 0.1 0.1 0.1 0.1 0.1 0.1 0.1 0.1 0.1 0.1 0.1 .32  .0  .0  .0
  .0 0.1 0.1 0.1 0.1 0.1 0.1 0.1 0.1 0.1 0.1 0.1 0.1 0.1 0.1 .32  .0  .0  .0  .0
  .0 0.1 0.1 0.1 0.1 0.1 0.1 0.1 0.1 0.1 0.1 0.1 0.1 0.1 0.1 .32  .0  .0  .0  .0
  .0 0.1 0.1 0.1 0.1 0.1 0.1 0.1 0.1 0.1 0.1 0.1 0.1 0.1 0.1 0.1 .32 .32  .0  .0
  .0  .0 0.1 0.1 0.1 0.1 0.1 0.1 0.1 0.1 0.1 0.1 0.1 0.1 0.1 0.1 .32 .32  .0  .0
  .0  .0 0.1 0.1 0.1 0.1 0.1 0.1 0.1 0.1 0.1 0.1 0.1 0.1 0.1 0.1 .32 .32  .0  .0
  .0  .0 0.1 0.1 0.1 0.1 0.1 0.1 0.1 0.1 0.1 0.1 0.1 0.1 0.1 0.1 .32 .32 .32  .0
  .0  .0 0.1 0.1 0.1 0.1 0.1 0.1 0.1 0.1 0.1 0.1 0.1 0.1 0.1 0.1 .32 .32 .32  .0
  .0  .0 0.1 0.1 0.1 0.1 0.1 0.1 0.1 0.1 0.1 0.1 0.1 0.1 0.1 .32 .32 .32 .32  .0
  .0  .0 0.1 0.1 0.1 0.1 0.1 0.1 0.1 0.1 0.1 0.1 0.1 0.1 .32 .32 .32 .32 .32 .32
  .0  .0 0.1 0.1 0.1 0.1 0.1 0.1 0.1 0.1 0.1 0.1 0.1 0.1 0.1 .32 .32 .32 .32 .32
  .0  .0 0.1 0.1 0.1 0.1 0.1 0.1 0.1 0.1 0.1 0.1 0.1 0.1 0.1 0.1 .32 .32 .32 .32
  .0  .0 0.1 0.1 0.1 0.1 0.1 0.1 0.1 0.1 0.1 0.1 0.1 0.1 0.1 0.1 0.1 .32 .32 .32
  .0  .0 0.1 0.1 0.1 0.1 0.1 0.1 0.1 0.1 0.1 0.1 0.1 0.1 0.1 0.1 0.1 .32 .32 .32
  .0  .0 0.1 0.1 0.1 0.1 0.1 0.1 0.1 0.1 0.1 0.1 0.1 0.1 0.1 0.1 0.1 .32 .32 .32
  .0  .0 0.1 0.1 0.1 0.1 0.1 0.1 0.1 0.1 0.1 0.1 0.1 0.1 0.1 0.1 0.1 .32 .32 .32
  .0  .0 0.1 0.1 0.1 0.1 0.1 0.1 0.1 0.1 0.1 0.1 0.1 0.1 0.1 0.1 0.1 0.1 .32 .32
  .0  .0 0.1 0.1 0.1 0.1 0.1 0.1 0.1 0.1 0.1 0.1 0.1 0.1 0.1 0.1 0.1 0.1 .32  .0
  .0  .0 0.1 0.1 0.1 0.1 0.1 0.1 0.1 0.1 0.1 0.1 0.1 0.1 0.1 0.1 0.1 0.1  .0  .0
  .0  .0 0.1 0.1 0.1 0.1 0.1 0.1 0.1 0.1 0.1 0.1 0.1 0.1 0.1 0.1 0.1 0.1  .0  .0
  .0  .0 0.1 0.1 0.1 0.1 0.1 0.1 0.1 0.1 0.1 0.1 0.1 0.1 0.1 0.1 0.1  .0  .0  .0
  .0  .0 0.1 0.1 0.1 0.1 0.1 0.1 0.1 0.1 0.1 0.1 0.1 0.1 0.1 0.1 0.1  .0  .0  .0
  .0  .0 0.1 0.1 0.1 0.1 0.1 0.1 0.1 0.1 0.1 0.1 0.1 0.1 0.1 0.1  .0  .0  .0  .0
  .0  .0 0.1 0.1 0.1 0.1 0.1 0.1 0.1 0.1 0.1 0.1 0.1 0.1 0.1  .0  .0  .0  .0  .0
  .0  .0 0.1 0.1 0.1 0.1 0.1 0.1 0.1 0.1 0.1 0.1 0.1 0.1  .0  .0  .0  .0  .0  .0
  .0  .0 0.1 0.1 0.1 0.1 0.1 0.1 0.1 0.1 0.1 0.1 0.1 0.1  .0  .0  .0  .0  .0  .0
  .0  .0  .0 0.1 0.1 0.1 0.1 0.1 0.1 0.1 0.1 0.1 0.1  .0  .0  .0  .0  .0  .0  .0
  .0  .0  .0 0.1 0.1 0.1 0.1 0.1 0.1 0.1 0.1 0.1 0.1  .0  .0  .0  .0  .0  .0  .0
  .0  .0  .0 0.1 0.1 0.1 0.1 0.1 0.1 0.1 0.1 0.1  .0  .0  .0  .0  .0  .0  .0  .0
  .0  .0  .0 0.1 0.1 0.1 0.1 0.1 0.1 0.1 0.1  .0  .0 .47 .47 .47  .0  .0  .0  .0
  .0  .0  .0 0.1 0.1 0.1 0.1 0.1 0.1 0.1 0.1  .0 .47 .47 .47 .47  .0  .0  .0  .0
  .0  .0  .0 0.1 0.1 0.1 0.1 0.1 0.1 0.1 0.1  .0 .47 .47 .47 .47  .0  .0  .0  .0
  .0  .0  .0 0.1 0.1 0.1 0.1 0.1 0.1 0.1 0.1 0.1 .47 .47 .47 .47  .0  .0  .0  .0
  .0  .0  .0 0.1 0.1 0.1 0.1 0.1 0.1 0.1 0.1 0.1 .24 .24 .24 .24  .0  .0  .0  .0
  .0  .0  .0  .0 0.1 0.1 0.1 0.1 0.1 0.1 0.1 0.1 .24 .24 .24 .24  .0  .0  .0  .0
  .0  .0  .0  .0 0.1 0.1 0.1 0.1 0.1 0.1 0.1 0.1 .24 .24 .24  .0  .0  .0  .0  .0
  .0  .0  .0  .0 0.1 0.1 0.1 0.1 0.1 0.1 0.1 0.1 .24 .24 .24  .0  .0  .0  .0  .0
  .0  .0  .0  .0 0.1 0.1 0.1 0.1 0.1 0.1 0.1 0.1 0.1 .24 .24  .0  .0  .0  .0  .0
  .0  .0  .0  .0 0.1 0.1 0.1 0.1 0.1 0.1 0.1 0.1 0.1 .24 .24  .0  .0  .0  .0  .0
  .0  .0  .0  .0  .0 0.1 0.1 0.1 0.1 0.1 0.1 0.1 0.1 .24 .24  .0  .0  .0  .0  .0
  .0  .0  .0  .0  .0 0.1 0.1 0.1 0.1 0.1 0.1 0.1 .24 .24  .0  .0  .0  .0  .0  .0
  .0  .0  .0  .0  .0  .0 0.1 0.1 0.1 0.1 0.1 0.1 .24 .24  .0  .0  .0  .0  .0  .0
  .0  .0  .0  .0  .0  .0 0.1 0.1 0.1 0.1 0.1 0.1 .24 .24  .0  .0  .0  .0  .0  .0
  .0  .0  .0  .0  .0  .0 0.1 0.1 0.1 0.1 .24 .24 .24  .0  .0  .0  .0  .0  .0  .0
  .0  .0  .0  .0  .0  .0 0.1 0.1 0.1 0.1 .24 .24 .24  .0  .0  .0  .0  .0  .0  .0
  .0  .0  .0  .0  .0  .0 0.1 0.1 0.1 0.1 .24 .24 .24  .0  .0  .0  .0  .0  .0  .0
  .0  .0  .0  .0  .0  .0  .0 0.1 0.1 .24 .24 .24 .24  .0  .0  .0  .0  .0  .0  .0
  .0  .0  .0  .0  .0  .0  .0  .0 .24 .24 .24 .24  .0  .0  .0  .0  .0  .0  .0  .0
  .0  .0  .0  .0  .0  .0  .0  .0 .24 .24 .24  .0  .0  .0  .0  .0  .0  .0  .0  .0
  .0  .0  .0  .0  .0  .0  .0  .0 .24 .24 .24  .0  .0  .0  .0  .0  .0  .0  .0  .0
  .0  .0  .0  .0  .0  .0  .0  .0 .24 .24 .24  .0  .0  .0  .0  .0  .0  .0  .0  .0
  .0  .0  .0  .0  .0  .0  .0  .0  .0 .24 .24  .0  .0  .0  .0  .0  .0  .0  .0  .0
 8.  170. 27.   9.  180. 28.  11.  130. 16.
15.  240. 35.  16.  230. 35.  10.  150. 21.
22.  270. 34.  18.  250. 37.  14.  220. 28.
