Table 1 Open water; Arctic and Antarctic
> 
> 19H 19V 22V 37H 37V 89H 89V
> 
>  99.4 184.5 196.7 132.3 211.9 181.9 248.8
>  96.0 181.3 192.1 129.4 208.7 171.6 243.6
> 103.8 186.5 199.2 140.3 214.7 190.2 249.3
> 100.9 183.5 194.5 136.6 211.0 178.0 243.9
> 100.8 185.2 197.7 134.8 212.9 188.0 250.1
>  97.2 181.9 192.9 132.0 209.7 176.4 244.5
> 103.6 186.6 199.6 142.4 216.1 202.5 253.1
> 101.1 183.8 195.4 141.0 213.2 190.4 246.8
> 106.0 187.8 201.2 148.4 218.5 212.5 255.2
> 104.3 185.3 197.4 148.1 216.0 200.1 248.4
> 115.1 192.1 206.7 165.9 225.0 227.2 255.6
> 113.2 189.6 202.8 164.5 222.2 218.0 250.5
> 
> Table 2 Ice Type A (first-year and multiyear for Arctic); Arctic and Antarctic
> 
> 19H 19V 22V 37H 37V 89H 89V
> 
> 243.7 257.9 258.4 242.8 257.2 230.1 242.7
> 224.9 238.8 239.6 224.3 239.1 209.8 225.4
> 243.9 257.7 258.2 243.5 257.1 233.0 243.8
> 225.3 238.7 239.6 225.3 239.1 212.4 226.7
> 243.8 258.0 258.5 243.3 257.5 232.8 244.2
> 225.1 238.9 239.7 224.9 239.3 212.1 226.8
> 244.2 258.1 258.7 244.8 258.1 239.3 247.8
> 225.7 239.1 240.1 226.9 240.3 219.2 230.9
> 244.5 258.2 258.8 245.8 258.6 243.9 250.4
> 226.2 239.3 240.4 228.5 241.0 224.1 233.8
> 245.3 258.2 258.8 248.2 258.8 248.8 252.3
> 227.6 239.9 241.2 232.0 242.6 233.2 239.0
> 
> Table 3 New ice C; Arctic and Antarctic
> 
> 19H 19V 22V 37H 37V 89H 89V
> 
> 173.9 239.2 239.5 192.1 242.9 209.1 248.4
> 160.1 221.3 221.3 178.3 225.3 190.1 229.7
> 176.1 239.6 240.1 196.1 243.5 214.1 248.7
> 162.8 221.9 222.1 182.2 226.1 194.4 230.4
> 174.6 239.4 239.9 193.5 243.3 213.1 249.6
> 160.8 221.5 221.7 179.8 225.8 193.6 230.8
> 176.2 239.9 240.6 197.7 244.6 222.7 252.3
> 163.1 222.2 222.8 185.0 227.6 203.5 234.1
> 177.5 240.2 241.2 201.0 245.6 229.3 254.2
> 164.9 222.8 223.6 189.0 229.0 210.5 236.5
> 182.3 241.3 242.8 209.9 247.4 238.0 254.5
> 169.9 224.4 226.0 198.4 232.0 223.4 240.4
> 
> Table 4 Ice type C; Arctic
> 
> 19H 19V 22V 37H 37V 89H 89V
> 
> 190.0 236.2 233.9 190.1 225.4 195.5 219.6
> 175.2 218.5 215.9 176.4 209.1 176.4 200.7
> 191.7 236.7 234.7 194.3 227.1 202.0 223.4
> 177.3 219.2 216.9 180.4 211.0 181.9 204.0
> 190.6 236.4 234.3 191.5 226.1 200.4 222.9
> 175.8 218.7 216.3 178.0 209.9 180.6 203.5
> 191.9 237.0 235.2 195.8 228.4 212.4 230.6
> 177.6 219.5 217.6 183.3 212.9 192.9 211.7
> 193.0 237.4 235.9 199.2 230.2 220.7 236.0
> 179.2 220.2 218.7 187.4 215.2 201.5 217.4
> 196.8 238.6 238.0 208.4 234.5 232.2 242.4
> 183.3 221.9 221.5 197.1 220.4 217.5 228.0
> 
> Table 5 Ice Type C; Antarctic
> 
> 19H 19V 22V 37H 37V 89H 89V
> 
> 187.2 227.6 231.6 190.3 221.9 211.6 227.6
> 171.9 210.4 214.9 176.5 205.9 196.6 210.2
> 189.1 228.4 232.4 194.3 223.9 215.3 230.5
> 174.1 211.5 216.0 180.4 207.9 199.7 212.8
> 187.9 227.9 232.0 191.7 222.7 214.6 230.1
> 172.5 210.8 215.4 178.0 206.8 199.2 212.5
> 189.3 228.7 232.9 195.9 225.2 221.7 236.5
> 174.6 211.9 216.6 183.3 210.0 206.6 219.2
> 190.6 229.3 233.5 199.3 227.1 226.7 240.9
> 176.2 212.7 217.5 187.4 212.4 211.8 223.9
> 194.8 231.1 235.6 208.3 231.9 233.3 246.0
> 180.8 215.1 220.3 196.9 218.0 221.6 232.6


From Don Cavalieri, NASA/GSFC
 Aug 10  2010 Jan2009NT2_tiepoints.txt
