38
.00000000
.80502894E-01     28.9841042D0
.83333333E-01     30.0000000D0
.78999248E-01     28.4397295D0
.41780746E-01     15.0410686D0
.16102280E-00     57.9682084D0
.38730654E-01     13.9430356D0
.24153420E-00     86.9523127D0
.12229214E-00     44.0251729D0
.16666666E-00     60.0000000D0
.15951064E-00     57.4238337D0
.79201619E-01     28.5125831D0
.25000000E-00     90.0000000D0
.77689467E-01     27.9682084D0
.77487096E-01     27.8953548D0
.44830838E-01     16.1391017D0
.81821181E-01     29.4556253D0
.41666666E-01     15.0000000D0
.40268594E-01     14.4966939D0
.43292898E-01     15.5854433D0
.15121519E-02       .5443747D0
.22815916E-03       .0821373D0
.11407944E-03       .0410686D0
.28219327E-02      1.0158958D0
.30500919E-02      1.0980331D0
.37420873E-01     13.4715145D0
.37218502E-01     13.3986609D0
.83219259E-01     29.9589333D0
.83447407E-01     30.0410667D0
.35706350E-01     12.8542862D0
.41552587E-01     14.9589314D0
.86155266E-01     31.0158958D0
.12076710E-00     43.4761563D0
.82023552E-01     29.5284789D0
.11924205E-00     42.9271398D0
.83561492E-01     30.0821373D0
.32204560E-00    115.9364169D0
.16384473E-00     58.9841042D0                                                
8760
y
(F4.2)
/users/bob/time.series/nos/btest
tempor
n

